Number of nodes 400 
     0 :  2.9666667e-02  0.0000000e+00 
     1 :  1.4833333e-02  2.5692087e-02 
     2 :  6.0000000e-02  0.0000000e+00 
     3 :  3.0000000e-02  5.1961524e-02 
     4 :  3.0000000e-02  0.0000000e+00 
     5 :  2.8977775e-02  7.7645714e-03 
     6 :  2.1213203e-02  2.1213203e-02 
     7 :  1.5000000e-02  2.5980762e-02 
     8 :  4.8000000e-02  0.0000000e+00 
     9 :  4.4923484e-02  1.6908002e-02 
    10 :  3.7104502e-02  3.0450878e-02 
    11 :  2.4000000e-02  4.1569219e-02 
    12 : -3.0000000e-02  5.1961524e-02 
    13 : -2.4000000e-02  4.1569219e-02 
    14 : -7.8189827e-03  4.7358880e-02 
    15 : -7.7645714e-03  2.8977775e-02 
    16 :  7.7645714e-03  2.8977775e-02 
    17 :  7.8189827e-03  4.7358880e-02 
    18 : -1.5000000e-02  2.5980762e-02 
    19 : -1.4833333e-02  2.5692087e-02 
    20 : -6.0000000e-02  2.0816682e-17 
    21 : -4.8000000e-02  1.7347235e-17 
    22 : -4.4923484e-02  1.6908002e-02 
    23 : -2.8977775e-02  7.7645714e-03 
    24 : -2.1213203e-02  2.1213203e-02 
    25 : -3.7104502e-02  3.0450878e-02 
    26 : -3.0000000e-02  1.0408341e-17 
    27 : -2.9666667e-02  1.0408341e-17 
    28 : -3.0000000e-02 -5.1961524e-02 
    29 : -2.4000000e-02 -4.1569219e-02 
    30 : -3.7104502e-02 -3.0450878e-02 
    31 : -2.1213203e-02 -2.1213203e-02 
    32 : -2.8977775e-02 -7.7645714e-03 
    33 : -4.4923484e-02 -1.6908002e-02 
    34 : -1.5000000e-02 -2.5980762e-02 
    35 : -1.4833333e-02 -2.5692087e-02 
    36 :  3.0000000e-02 -5.1961524e-02 
    37 :  2.4000000e-02 -4.1569219e-02 
    38 :  7.8189827e-03 -4.7358880e-02 
    39 :  7.7645714e-03 -2.8977775e-02 
    40 : -7.7645714e-03 -2.8977775e-02 
    41 : -7.8189827e-03 -4.7358880e-02 
    42 :  1.5000000e-02 -2.5980762e-02 
    43 :  1.4833333e-02 -2.5692087e-02 
    44 :  4.4923484e-02 -1.6908002e-02 
    45 :  2.8977775e-02 -7.7645714e-03 
    46 :  2.1213203e-02 -2.1213203e-02 
    47 :  3.7104502e-02 -3.0450878e-02 
    48 :  5.7955550e-03  1.5529143e-03 
    49 : -1.5529143e-03  5.7955550e-03 
    50 :  2.8333824e-02  7.5920252e-03 
    51 : -7.5920252e-03  2.8333824e-02 
    52 :  1.9318517e-02  5.1763811e-03 
    53 :  1.5867067e-02  1.2175228e-02 
    54 :  2.6105241e-03  1.9828898e-02 
    55 : -5.1763811e-03  1.9318517e-02 
    56 :  2.8011849e-02  7.5057523e-03 
    57 :  2.0690378e-02  2.0320143e-02 
    58 :  7.2525705e-03  2.8078465e-02 
    59 : -7.5057523e-03  2.8011849e-02 
    60 : -5.7955550e-03 -1.5529143e-03 
    61 : -1.2175228e-02  1.5867067e-02 
    62 : -2.0320143e-02  2.0690378e-02 
    63 : -2.8078465e-02  7.2525705e-03 
    64 : -1.9828898e-02  2.6105241e-03 
    65 : -1.9318517e-02 -5.1763811e-03 
    66 : -2.8011849e-02 -7.5057523e-03 
    67 : -2.8333824e-02 -7.5920252e-03 
    68 :  1.5529143e-03 -5.7955550e-03 
    69 : -1.5867067e-02 -1.2175228e-02 
    70 : -2.0690378e-02 -2.0320143e-02 
    71 : -7.2525705e-03 -2.8078465e-02 
    72 : -2.6105241e-03 -1.9828898e-02 
    73 :  5.1763811e-03 -1.9318517e-02 
    74 :  7.5057523e-03 -2.8011849e-02 
    75 :  7.5920252e-03 -2.8333824e-02 
    76 :  1.2175228e-02 -1.5867067e-02 
    77 :  2.0320143e-02 -2.0690378e-02 
    78 :  2.8078465e-02 -7.2525705e-03 
    79 :  1.9828898e-02 -2.6105241e-03 
    80 :  2.9215963e-02  5.1515626e-03 
    81 :  2.7877548e-02  1.0146598e-02 
    82 :  2.5692087e-02  1.4833333e-02 
    83 :  2.2725985e-02  1.9069366e-02 
    84 :  1.9069366e-02  2.2725985e-02 
    85 :  2.9743346e-02  3.9157858e-03 
    86 :  2.7189234e-02  1.2678548e-02 
    87 :  2.4574561e-02  1.7207293e-02 
    88 :  1.8262843e-02  2.3800600e-02 
    89 :  5.6381557e-02  2.0521209e-02 
    90 :  4.5962667e-02  3.8567257e-02 
    91 :  3.4656344e-02  0.0000000e+00 
    92 :  4.0547237e-02  0.0000000e+00 
    93 :  3.3085784e-02  1.0120145e-02 
    94 :  3.8301464e-02  1.3110869e-02 
    95 :  2.5307195e-02  2.3593057e-02 
    96 :  3.0505078e-02  2.6614607e-02 
    97 :  1.7328172e-02  3.0013274e-02 
    98 :  2.0273619e-02  3.5114938e-02 
    99 :  1.0418891e-02  5.9088465e-02 
   100 : -1.0418891e-02  5.9088465e-02 
   101 : -7.7963865e-03  3.9725476e-02 
   102 : -7.7785891e-03  3.3713202e-02 
   103 : -2.6146723e-03  2.9885841e-02 
   104 :  2.6146723e-03  2.9885841e-02 
   105 :  7.7785891e-03  3.3713202e-02 
   106 :  7.7963865e-03  3.9725476e-02 
   107 :  1.1480503e-02  2.7716386e-02 
   108 : -2.0273619e-02  3.5114938e-02 
   109 : -1.7328172e-02  3.0013274e-02 
   110 : -1.1480503e-02  2.7716386e-02 
   111 : -1.0146598e-02  2.7877548e-02 
   112 : -5.1515626e-03  2.9215963e-02 
   113 :  7.1697422e-11  2.9666667e-02 
   114 :  5.1515627e-03  2.9215963e-02 
   115 :  1.0146598e-02  2.7877548e-02 
   116 : -4.5962667e-02  3.8567257e-02 
   117 : -5.6381557e-02  2.0521209e-02 
   118 : -3.8301464e-02  1.3110869e-02 
   119 : -3.3085784e-02  1.0120145e-02 
   120 : -2.7189234e-02  1.2678548e-02 
   121 : -2.4574561e-02  1.7207293e-02 
   122 : -2.5307195e-02  2.3593057e-02 
   123 : -3.0505078e-02  2.6614607e-02 
   124 : -1.8262843e-02  2.3800600e-02 
   125 : -4.0547237e-02  1.4474239e-17 
   126 : -3.4656344e-02  1.2203334e-17 
   127 : -2.9743346e-02  3.9157858e-03 
   128 : -2.9215963e-02  5.1515626e-03 
   129 : -2.7877548e-02  1.0146598e-02 
   130 : -2.5692087e-02  1.4833333e-02 
   131 : -2.2725985e-02  1.9069366e-02 
   132 : -1.9069366e-02  2.2725985e-02 
   133 : -5.6381557e-02 -2.0521209e-02 
   134 : -4.5962667e-02 -3.8567257e-02 
   135 : -3.0505078e-02 -2.6614607e-02 
   136 : -2.5307195e-02 -2.3593057e-02 
   137 : -2.4574561e-02 -1.7207293e-02 
   138 : -2.7189234e-02 -1.2678548e-02 
   139 : -3.3085784e-02 -1.0120145e-02 
   140 : -3.8301464e-02 -1.3110869e-02 
   141 : -2.9743346e-02 -3.9157857e-03 
   142 : -2.0273619e-02 -3.5114938e-02 
   143 : -1.7328172e-02 -3.0013274e-02 
   144 : -1.8262843e-02 -2.3800600e-02 
   145 : -1.9069366e-02 -2.2725985e-02 
   146 : -2.2725985e-02 -1.9069366e-02 
   147 : -2.5692087e-02 -1.4833333e-02 
   148 : -2.7877548e-02 -1.0146598e-02 
   149 : -2.9215963e-02 -5.1515626e-03 
   150 : -1.0418891e-02 -5.9088465e-02 
   151 :  1.0418891e-02 -5.9088465e-02 
   152 :  7.7963865e-03 -3.9725476e-02 
   153 :  7.7785891e-03 -3.3713202e-02 
   154 :  2.6146723e-03 -2.9885841e-02 
   155 : -2.6146723e-03 -2.9885841e-02 
   156 : -7.7785891e-03 -3.3713202e-02 
   157 : -7.7963865e-03 -3.9725476e-02 
   158 : -1.1480503e-02 -2.7716386e-02 
   159 :  2.0273619e-02 -3.5114938e-02 
   160 :  1.7328172e-02 -3.0013274e-02 
   161 :  1.1480503e-02 -2.7716386e-02 
   162 :  1.0146598e-02 -2.7877548e-02 
   163 :  5.1515626e-03 -2.9215963e-02 
   164 : -7.5157691e-11 -2.9666667e-02 
   165 : -5.1515627e-03 -2.9215963e-02 
   166 : -1.0146598e-02 -2.7877548e-02 
   167 :  4.5962667e-02 -3.8567257e-02 
   168 :  5.6381557e-02 -2.0521209e-02 
   169 :  3.8301464e-02 -1.3110869e-02 
   170 :  3.3085784e-02 -1.0120145e-02 
   171 :  2.7189234e-02 -1.2678548e-02 
   172 :  2.4574561e-02 -1.7207293e-02 
   173 :  2.5307195e-02 -2.3593057e-02 
   174 :  3.0505078e-02 -2.6614607e-02 
   175 :  1.8262843e-02 -2.3800600e-02 
   176 :  2.9743346e-02 -3.9157858e-03 
   177 :  2.9215963e-02 -5.1515626e-03 
   178 :  2.7877548e-02 -1.0146598e-02 
   179 :  2.5692087e-02 -1.4833333e-02 
   180 :  2.2725985e-02 -1.9069366e-02 
   181 :  1.9069366e-02 -2.2725985e-02 
   182 :  3.0000000e-03  5.1961524e-03 
   183 :  2.6319687e-02  1.2176784e-02 
   184 :  2.3855086e-02  1.6490447e-02 
   185 :  1.6705126e-02  2.3705248e-02 
   186 :  1.2176784e-02  2.6319687e-02 
   187 :  2.3536030e-03  2.8904334e-02 
   188 : -2.6144392e-03  2.8881910e-02 
   189 :  2.6308267e-02  1.2973801e-02 
   190 :  2.3271698e-02  1.7857002e-02 
   191 :  1.9340810e-02  2.2053968e-02 
   192 :  1.4666667e-02  2.5403412e-02 
   193 :  9.4288910e-03  2.7776618e-02 
   194 :  3.8287684e-03  2.9082383e-02 
   195 : -1.9184914e-03  2.9270529e-02 
   196 :  1.8537654e-02  1.6684931e-02 
   197 :  5.1807471e-03  2.4396545e-02 
   198 : -5.1961524e-03  3.0000000e-03 
   199 : -1.6684931e-02  1.8537654e-02 
   200 : -2.3705248e-02  1.6705126e-02 
   201 : -2.6319687e-02  1.2176784e-02 
   202 : -1.2176784e-02  2.6319687e-02 
   203 : -1.6490447e-02  2.3855086e-02 
   204 : -2.8904334e-02  2.3536030e-03 
   205 : -2.8881910e-02 -2.6144392e-03 
   206 : -1.2973801e-02  2.6308267e-02 
   207 : -1.7857002e-02  2.3271698e-02 
   208 : -2.2053968e-02  1.9340810e-02 
   209 : -2.5403412e-02  1.4666667e-02 
   210 : -2.7776618e-02  9.4288910e-03 
   211 : -2.9082383e-02  3.8287684e-03 
   212 : -2.9270529e-02 -1.9184914e-03 
   213 : -3.0000000e-03 -5.1961524e-03 
   214 : -1.8537654e-02 -1.6684931e-02 
   215 : -1.6705126e-02 -2.3705248e-02 
   216 : -1.2176784e-02 -2.6319687e-02 
   217 : -2.6319687e-02 -1.2176784e-02 
   218 : -2.3855086e-02 -1.6490447e-02 
   219 : -2.3536030e-03 -2.8904334e-02 
   220 :  2.6144392e-03 -2.8881910e-02 
   221 : -2.6308267e-02 -1.2973801e-02 
   222 : -2.3271698e-02 -1.7857002e-02 
   223 : -1.9340810e-02 -2.2053968e-02 
   224 : -1.4666667e-02 -2.5403412e-02 
   225 : -9.4288910e-03 -2.7776618e-02 
   226 : -3.8287684e-03 -2.9082383e-02 
   227 :  1.9184914e-03 -2.9270529e-02 
   228 :  5.1961524e-03 -3.0000000e-03 
   229 :  1.6684931e-02 -1.8537654e-02 
   230 :  2.3705248e-02 -1.6705126e-02 
   231 :  2.6319687e-02 -1.2176784e-02 
   232 :  1.2176784e-02 -2.6319687e-02 
   233 :  1.6490447e-02 -2.3855086e-02 
   234 :  2.8904334e-02 -2.3536030e-03 
   235 :  2.8881910e-02  2.6144392e-03 
   236 :  1.2973801e-02 -2.6308267e-02 
   237 :  1.7857002e-02 -2.3271698e-02 
   238 :  2.2053968e-02 -1.9340810e-02 
   239 :  2.5403412e-02 -1.4666667e-02 
   240 :  2.7776618e-02 -9.4288910e-03 
   241 :  2.9082383e-02 -3.8287684e-03 
   242 :  2.9270529e-02  1.9184914e-03 
   243 :  2.9803906e-02  1.7207293e-02 
   244 :  3.8466602e-02  2.0495688e-02 
   245 :  4.4567762e-02  2.5388607e-02 
   246 :  3.3874112e-02  1.4788651e-02 
   247 :  2.9742925e-02  2.1757066e-02 
   248 :  3.3913197e-02  2.3705372e-02 
   249 :  3.3160148e-02  1.9590814e-02 
   250 :  3.7601791e-02  4.5670878e-03 
   251 :  4.2088686e-02  3.6172135e-03 
   252 :  3.3290900e-02  6.3884589e-03 
   253 :  3.7252903e-02  8.8961989e-03 
   254 :  4.1774937e-02  8.8548932e-03 
   255 :  3.3083803e-02  3.0669639e-03 
   256 :  2.2756109e-02  3.0280562e-02 
   257 :  2.4176942e-02  3.4641265e-02 
   258 :  2.2178018e-02  2.5636536e-02 
   259 :  2.6330786e-02  2.7813861e-02 
   260 :  2.8556031e-02  3.1750710e-02 
   261 :  1.9197970e-02  2.7117932e-02 
   262 :  3.4018502e-11  3.4414586e-02 
   263 :  1.4835146e-03  4.3560898e-02 
   264 :  2.9670290e-04  5.1291118e-02 
   265 : -3.9707090e-03  3.6636662e-02 
   266 :  4.1297084e-03  3.6730167e-02 
   267 : -3.5728561e-03  4.1222376e-02 
   268 : -3.8606840e-04  3.8512938e-02 
   269 :  1.4845681e-02  3.4847650e-02 
   270 :  1.7911744e-02  3.8258478e-02 
   271 :  1.1112882e-02  3.2024995e-02 
   272 :  1.0922117e-02  3.6710060e-02 
   273 :  1.3218906e-02  4.0605603e-02 
   274 :  1.3885833e-02  3.0184896e-02 
   275 : -1.4663776e-02  3.3910171e-02 
   276 : -1.1082565e-02  3.1868748e-02 
   277 : -1.1090093e-02  3.6278238e-02 
   278 : -1.4273809e-02  3.8992820e-02 
   279 : -1.3903812e-02  2.9979876e-02 
   280 : -2.9803906e-02  1.7207293e-02 
   281 : -3.8466602e-02  2.0495688e-02 
   282 : -4.4567762e-02  2.5388607e-02 
   283 : -3.3874112e-02  1.4788651e-02 
   284 : -2.9742925e-02  2.1757066e-02 
   285 : -3.3913197e-02  2.3705372e-02 
   286 : -3.3160148e-02  1.9590814e-02 
   287 : -2.2035181e-02  2.9654288e-02 
   288 : -2.2057863e-02  2.5532157e-02 
   289 : -2.5872829e-02  2.7743422e-02 
   290 : -2.6631868e-02  3.1857892e-02 
   291 : -1.9011429e-02  2.7030992e-02 
   292 : -3.6698957e-02  4.2558829e-03 
   293 : -3.3140428e-02  6.3365914e-03 
   294 : -3.6962923e-02  8.5348167e-03 
   295 : -4.0905678e-02  7.1349285e-03 
   296 : -3.2915240e-02  2.9488840e-03 
   297 : -2.9803906e-02 -1.7207293e-02 
   298 : -3.6983087e-02 -2.3065211e-02 
   299 : -4.4271059e-02 -2.5902511e-02 
   300 : -2.9744403e-02 -2.1941516e-02 
   301 : -3.3713634e-02 -1.4879596e-02 
   302 : -3.7486053e-02 -1.7517004e-02 
   303 : -3.3546217e-02 -1.8922124e-02 
   304 : -3.6698957e-02 -4.2558829e-03 
   305 : -3.3140428e-02 -6.3365914e-03 
   306 : -3.6962923e-02 -8.5348167e-03 
   307 : -4.0905678e-02 -7.1349285e-03 
   308 : -3.2915240e-02 -2.9488840e-03 
   309 : -2.2035181e-02 -2.9654288e-02 
   310 : -2.2057863e-02 -2.5532157e-02 
   311 : -2.5872829e-02 -2.7743422e-02 
   312 : -2.6631868e-02 -3.1857892e-02 
   313 : -1.9011429e-02 -2.7030992e-02 
   314 : -2.8832487e-11 -3.4414586e-02 
   315 : -1.4835146e-03 -4.3560898e-02 
   316 : -2.9670289e-04 -5.1291118e-02 
   317 :  3.9707090e-03 -3.6636662e-02 
   318 : -4.1297084e-03 -3.6730167e-02 
   319 :  3.5728561e-03 -4.1222376e-02 
   320 :  3.8606840e-04 -3.8512938e-02 
   321 : -1.4663776e-02 -3.3910171e-02 
   322 : -1.1082565e-02 -3.1868748e-02 
   323 : -1.1090093e-02 -3.6278238e-02 
   324 : -1.4273809e-02 -3.8992820e-02 
   325 : -1.3903812e-02 -2.9979876e-02 
   326 :  1.4663776e-02 -3.3910171e-02 
   327 :  1.1082565e-02 -3.1868748e-02 
   328 :  1.1090093e-02 -3.6278238e-02 
   329 :  1.4273809e-02 -3.8992820e-02 
   330 :  1.3903812e-02 -2.9979876e-02 
   331 :  2.9803906e-02 -1.7207293e-02 
   332 :  3.8466602e-02 -2.0495688e-02 
   333 :  4.4567762e-02 -2.5388607e-02 
   334 :  3.3874112e-02 -1.4788651e-02 
   335 :  2.9742925e-02 -2.1757066e-02 
   336 :  3.3913197e-02 -2.3705372e-02 
   337 :  3.3160148e-02 -1.9590814e-02 
   338 :  2.2035181e-02 -2.9654288e-02 
   339 :  2.2057863e-02 -2.5532157e-02 
   340 :  2.5872829e-02 -2.7743422e-02 
   341 :  2.6631868e-02 -3.1857892e-02 
   342 :  1.9011429e-02 -2.7030992e-02 
   343 :  3.7601791e-02 -4.5670878e-03 
   344 :  4.2088686e-02 -3.6172135e-03 
   345 :  3.3290900e-02 -6.3884589e-03 
   346 :  3.7252903e-02 -8.8961989e-03 
   347 :  4.1774937e-02 -8.8548932e-03 
   348 :  3.3083803e-02 -3.0669639e-03 
   349 :  1.3847314e-02  1.6454638e-02 
   350 :  1.1096407e-02  1.1905402e-02 
   351 :  2.6502999e-03  1.0576659e-02 
   352 :  7.3264775e-03  2.0219445e-02 
   353 :  4.7599610e-03  1.5537836e-02 
   354 :  7.8704331e-03  7.4928800e-03 
   355 :  1.2198615e-02  2.1128621e-02 
   356 :  5.4324660e-04  1.4545247e-02 
   357 :  1.2579206e-02  7.8050136e-03 
   358 :  6.4711892e-03  1.1179478e-02 
   359 :  9.4500317e-03  1.6367935e-02 
   360 :  8.8270390e-03  2.4028552e-02 
   361 :  1.6395818e-02  1.9658716e-02 
   362 :  2.1984977e-02  1.1701587e-02 
   363 : -8.5861689e-04  2.4890342e-02 
   364 : -2.1176517e-02  1.2529619e-02 
   365 : -7.3021231e-03  7.3628065e-03 
   366 : -9.0112442e-03  4.5005667e-03 
   367 : -1.2122414e-02  9.4882184e-03 
   368 : -1.6497741e-02  1.3424540e-02 
   369 : -1.8049174e-02  8.3562745e-03 
   370 : -7.7176118e-03  1.2044741e-02 
   371 : -2.2690548e-02  8.5851545e-03 
   372 : -1.9737322e-02  1.6137814e-02 
   373 : -1.4020967e-02  3.0377147e-03 
   374 : -1.2015026e-02  2.1369908e-02 
   375 : -2.4590671e-02 -1.1099760e-04 
   376 : -1.2529619e-02 -2.1176517e-02 
   377 : -7.3628065e-03 -7.3021231e-03 
   378 : -4.5005667e-03 -9.0112442e-03 
   379 : -9.4882184e-03 -1.2122414e-02 
   380 : -1.3424540e-02 -1.6497741e-02 
   381 : -8.3562745e-03 -1.8049174e-02 
   382 : -1.2044741e-02 -7.7176118e-03 
   383 : -8.5851545e-03 -2.2690548e-02 
   384 : -1.6137814e-02 -1.9737322e-02 
   385 : -3.0377147e-03 -1.4020967e-02 
   386 : -2.1984977e-02 -1.1701587e-02 
   387 :  1.1099760e-04 -2.4590671e-02 
   388 :  2.1176517e-02 -1.2529619e-02 
   389 :  7.3021231e-03 -7.3628065e-03 
   390 :  9.0112442e-03 -4.5005667e-03 
   391 :  1.2122414e-02 -9.4882184e-03 
   392 :  1.6497741e-02 -1.3424540e-02 
   393 :  1.8049174e-02 -8.3562745e-03 
   394 :  7.7176118e-03 -1.2044741e-02 
   395 :  2.2690548e-02 -8.5851545e-03 
   396 :  1.9737322e-02 -1.6137814e-02 
   397 :  1.4020967e-02 -3.0377147e-03 
   398 :  1.2015026e-02 -2.1369908e-02 
   399 :  2.4590671e-02  1.1099760e-04 
Number of sub-domains 12 
     0 : Stator_core      : 168 
     1 : Coil_AP          : 36 
     2 : Coil_AN          : 36 
     3 : Coil_BP          : 36 
     4 : Coil_BN          : 34 
     5 : Coil_CP          : 34 
     6 : Coil_CN          : 36 
     7 : Stator_gap       : 78 
     8 : Rotor_core       : 127 
     9 : Rotor_air        : 53 
    10 : Rotor_gap        : 68 
    11 : Air_gap          : 68 
Number of triangles 774 
     0 :     90     10    245      0 
     1 :    244     10    248      0 
     2 :     86     93    246      0 
     3 :     95     87    247      0 
     4 :      5     93     86      0 
     5 :     87     95      6      0 
     6 :     87    243    247      0 
     7 :    243     86    246      0 
     8 :     10    244    245      0 
     9 :      9     89    245      0 
    10 :     94    244    246      0 
    11 :     94      9    244      0 
    12 :    246    244    249      0 
    13 :     87     86    243      0 
    14 :     10     96    248      0 
    15 :     93     94    246      0 
    16 :     96     95    247      0 
    17 :    244      9    245      0 
    18 :     96    247    248      0 
    19 :    247    243    249      0 
    20 :    243    246    249      0 
    21 :    248    247    249      0 
    22 :    244    248    249      0 
    23 :     89     90    245      0 
    24 :      8      2     89      0 
    25 :     90      3     11      0 
    26 :      8     89      9      0 
    27 :     10     90     11      0 
    28 :    100     14    264      0 
    29 :    263     14    267      0 
    30 :    104    105    266      0 
    31 :    102    103    265      0 
    32 :     15    103    102      0 
    33 :     16    105    104      0 
    34 :    262    104    266      0 
    35 :    103    262    265      0 
    36 :     14    263    264      0 
    37 :     17     99    264      0 
    38 :    106    263    266      0 
    39 :    106     17    263      0 
    40 :    266    263    268      0 
    41 :    103    104    262      0 
    42 :     14    101    267      0 
    43 :    101    102    265      0 
    44 :    105    106    266      0 
    45 :    263     17    264      0 
    46 :    101    265    267      0 
    47 :    265    262    268      0 
    48 :    262    266    268      0 
    49 :    267    265    268      0 
    50 :    263    267    268      0 
    51 :     99    100    264      0 
    52 :     11      3     99      0 
    53 :     11     99     17      0 
    54 :     13    100     12      0 
    55 :     13     14    100      0 
    56 :     25    116    282      0 
    57 :     25    281    285      0 
    58 :    119    120    283      0 
    59 :    121    122    284      0 
    60 :     23    120    119      0 
    61 :    121     24    122      0 
    62 :    280    121    284      0 
    63 :    120    280    283      0 
    64 :    281     25    282      0 
    65 :    117     22    282      0 
    66 :    281    118    283      0 
    67 :     22    118    281      0 
    68 :    281    283    286      0 
    69 :    120    121    280      0 
    70 :    123     25    285      0 
    71 :    118    119    283      0 
    72 :    122    123    284      0 
    73 :     22    281    282      0 
    74 :    284    123    285      0 
    75 :    280    284    286      0 
    76 :    283    280    286      0 
    77 :    284    285    286      0 
    78 :    285    281    286      0 
    79 :    116    117    282      0 
    80 :    116     13     12      0 
    81 :     25     13    116      0 
    82 :     21    117     20      0 
    83 :     21     22    117      0 
    84 :     33    133    299      0 
    85 :     33    298    302      0 
    86 :    136    137    300      0 
    87 :    138    139    301      0 
    88 :    136     31    137      0 
    89 :    138     32    139      0 
    90 :    297    138    301      0 
    91 :    137    297    300      0 
    92 :    298     33    299      0 
    93 :    134     30    299      0 
    94 :    298    135    300      0 
    95 :     30    135    298      0 
    96 :    298    300    303      0 
    97 :    137    138    297      0 
    98 :    140     33    302      0 
    99 :    135    136    300      0 
   100 :    139    140    301      0 
   101 :     30    298    299      0 
   102 :    301    140    302      0 
   103 :    297    301    303      0 
   104 :    300    297    303      0 
   105 :    301    302    303      0 
   106 :    302    298    303      0 
   107 :    133    134    299      0 
   108 :    133     21     20      0 
   109 :    133     33     21      0 
   110 :     28     29    134      0 
   111 :     29     30    134      0 
   112 :    151     38    316      0 
   113 :    315     38    319      0 
   114 :    153    154    317      0 
   115 :    155    156    318      0 
   116 :    153     39    154      0 
   117 :    156    155     40      0 
   118 :    314    155    318      0 
   119 :    154    314    317      0 
   120 :     38    315    316      0 
   121 :     41    150    316      0 
   122 :    157    315    318      0 
   123 :    157     41    315      0 
   124 :    318    315    320      0 
   125 :    154    155    314      0 
   126 :     38    152    319      0 
   127 :    152    153    317      0 
   128 :    156    157    318      0 
   129 :    315     41    316      0 
   130 :    152    317    319      0 
   131 :    317    314    320      0 
   132 :    314    318    320      0 
   133 :    319    317    320      0 
   134 :    315    319    320      0 
   135 :    150    151    316      0 
   136 :    150     29     28      0 
   137 :    150     41     29      0 
   138 :    151     36     37      0 
   139 :    151     37     38      0 
   140 :     47    167    333      0 
   141 :     47    332    336      0 
   142 :    170    171    334      0 
   143 :    172    173    335      0 
   144 :    171    170     45      0 
   145 :    173    172     46      0 
   146 :    331    172    335      0 
   147 :    171    331    334      0 
   148 :    332     47    333      0 
   149 :    168     44    333      0 
   150 :    332    169    334      0 
   151 :     44    169    332      0 
   152 :    332    334    337      0 
   153 :    171    172    331      0 
   154 :    174     47    336      0 
   155 :    169    170    334      0 
   156 :    173    174    335      0 
   157 :     44    332    333      0 
   158 :    335    174    336      0 
   159 :    331    335    337      0 
   160 :    334    331    337      0 
   161 :    335    336    337      0 
   162 :    336    332    337      0 
   163 :    167    168    333      0 
   164 :    168      2      8      0 
   165 :    168      8     44      0 
   166 :     36    167     37      0 
   167 :     37    167     47      0 
   168 :     91     92    250      1 
   169 :    253    250    254      1 
   170 :    250    252    255      1 
   171 :    252    250    253      1 
   172 :     91    250    255      1 
   173 :      4     91    255      1 
   174 :     85      4    255      1 
   175 :      9     94    254      1 
   176 :     94     93    253      1 
   177 :     93      5    252      1 
   178 :     93    252    253      1 
   179 :     92      8    251      1 
   180 :    250    251    254      1 
   181 :      5     85    252      1 
   182 :    250     92    251      1 
   183 :    252     85    255      1 
   184 :     94    253    254      1 
   185 :    251      8    254      1 
   186 :      8      9    254      1 
   187 :    140    307     33      1 
   188 :     21    307    125      1 
   189 :    125    304    126      1 
   190 :    125    307    304      1 
   191 :    306    307    140      1 
   192 :    305    308    304      1 
   193 :    304    306    305      1 
   194 :    304    308    126      1 
   195 :    126    308     26      1 
   196 :     26    308    141      1 
   197 :    139    306    140      1 
   198 :     32    305    139      1 
   199 :    305    306    139      1 
   200 :    141    305     32      1 
   201 :    304    307    306      1 
   202 :    141    308    305      1 
   203 :     33    307     21      1 
   204 :     97    256     98      2 
   205 :    259    260    256      2 
   206 :    256    261    258      2 
   207 :    258    259    256      2 
   208 :     97    261    256      2 
   209 :      7    261     97      2 
   210 :     88    261      7      2 
   211 :     10    260     96      2 
   212 :     96    259     95      2 
   213 :     95    258      6      2 
   214 :     95    259    258      2 
   215 :     98    257     11      2 
   216 :    256    260    257      2 
   217 :      6    258     88      2 
   218 :    256    257     98      2 
   219 :    258    261     88      2 
   220 :     96    260    259      2 
   221 :    257    260     11      2 
   222 :     11    260     10      2 
   223 :    135     30    312      2 
   224 :     29    142    312      2 
   225 :    142    143    309      2 
   226 :    142    309    312      2 
   227 :    311    135    312      2 
   228 :    310    309    313      2 
   229 :    309    310    311      2 
   230 :    309    143    313      2 
   231 :    143     34    313      2 
   232 :     34    144    313      2 
   233 :    136    135    311      2 
   234 :     31    136    310      2 
   235 :    310    136    311      2 
   236 :    144     31    310      2 
   237 :    309    311    312      2 
   238 :    144    310    313      2 
   239 :     30     29    312      2 
   240 :     97     98    269      3 
   241 :    272    269    273      3 
   242 :    269    271    274      3 
   243 :    271    269    272      3 
   244 :     97    269    274      3 
   245 :      7     97    274      3 
   246 :    107      7    274      3 
   247 :     17    106    273      3 
   248 :    106    105    272      3 
   249 :    105     16    271      3 
   250 :    105    271    272      3 
   251 :     98     11    270      3 
   252 :    269    270    273      3 
   253 :     16    107    271      3 
   254 :    269     98    270      3 
   255 :    271    107    274      3 
   256 :    106    272    273      3 
   257 :    270     11    273      3 
   258 :     11     17    273      3 
   259 :    157    324     41      3 
   260 :     29    324    142      3 
   261 :    142    321    143      3 
   262 :    142    324    321      3 
   263 :    323    324    157      3 
   264 :    322    325    321      3 
   265 :    321    323    322      3 
   266 :    321    325    143      3 
   267 :    143    325     34      3 
   268 :     34    325    158      3 
   269 :    156    323    157      3 
   270 :     40    322    156      3 
   271 :    322    323    156      3 
   272 :    158    322     40      3 
   273 :    321    324    323      3 
   274 :    158    325    322      3 
   275 :     41    324     29      3 
   276 :    101     14    278      4 
   277 :     13    108    278      4 
   278 :    108    109    275      4 
   279 :    108    275    278      4 
   280 :    277    101    278      4 
   281 :    276    275    279      4 
   282 :    275    276    277      4 
   283 :    275    109    279      4 
   284 :    109     18    279      4 
   285 :     18    110    279      4 
   286 :    102    101    277      4 
   287 :     15    102    276      4 
   288 :    276    102    277      4 
   289 :    110     15    276      4 
   290 :    275    277    278      4 
   291 :    110    276    279      4 
   292 :     14     13    278      4 
   293 :    152     38    329      4 
   294 :     37    159    329      4 
   295 :    159    160    326      4 
   296 :    159    326    329      4 
   297 :    328    152    329      4 
   298 :    327    326    330      4 
   299 :    326    327    328      4 
   300 :    326    160    330      4 
   301 :    160     42    330      4 
   302 :     42    161    330      4 
   303 :    153    152    328      4 
   304 :     39    153    327      4 
   305 :    327    153    328      4 
   306 :    161     39    327      4 
   307 :    326    328    329      4 
   308 :    161    327    330      4 
   309 :     38     37    329      4 
   310 :    123    290     25      5 
   311 :     13    290    108      5 
   312 :    108    287    109      5 
   313 :    108    290    287      5 
   314 :    289    290    123      5 
   315 :    288    291    287      5 
   316 :    287    289    288      5 
   317 :    287    291    109      5 
   318 :    109    291     18      5 
   319 :     18    291    124      5 
   320 :    122    289    123      5 
   321 :     24    288    122      5 
   322 :    288    289    122      5 
   323 :    124    288     24      5 
   324 :    287    290    289      5 
   325 :    124    291    288      5 
   326 :     25    290     13      5 
   327 :    174    341     47      5 
   328 :     37    341    159      5 
   329 :    159    338    160      5 
   330 :    159    341    338      5 
   331 :    340    341    174      5 
   332 :    339    342    338      5 
   333 :    338    340    339      5 
   334 :    338    342    160      5 
   335 :    160    342     42      5 
   336 :     42    342    175      5 
   337 :    173    340    174      5 
   338 :     46    339    173      5 
   339 :    339    340    173      5 
   340 :    175    339     46      5 
   341 :    338    341    340      5 
   342 :    175    342    339      5 
   343 :     47    341     37      5 
   344 :    118     22    295      6 
   345 :     21    125    295      6 
   346 :    125    126    292      6 
   347 :    125    292    295      6 
   348 :    294    118    295      6 
   349 :    293    292    296      6 
   350 :    292    293    294      6 
   351 :    292    126    296      6 
   352 :    126     26    296      6 
   353 :     26    127    296      6 
   354 :    119    118    294      6 
   355 :     23    119    293      6 
   356 :    293    119    294      6 
   357 :    127     23    293      6 
   358 :    292    294    295      6 
   359 :    127    293    296      6 
   360 :     22     21    295      6 
   361 :     91    343     92      6 
   362 :    346    347    343      6 
   363 :    343    348    345      6 
   364 :    345    346    343      6 
   365 :     91    348    343      6 
   366 :      4    348     91      6 
   367 :    176    348      4      6 
   368 :     44    347    169      6 
   369 :    169    346    170      6 
   370 :    170    345     45      6 
   371 :    170    346    345      6 
   372 :     92    344      8      6 
   373 :    343    347    344      6 
   374 :     45    345    176      6 
   375 :    343    344     92      6 
   376 :    345    348    176      6 
   377 :    169    347    346      6 
   378 :    344    347      8      6 
   379 :      8    347     44      6 
   380 :      0     85     80      7 
   381 :     84     88      1      7 
   382 :     80      5     81      7 
   383 :     85      5     80      7 
   384 :      5     86     81      7 
   385 :     83      6     84      7 
   386 :     87      6     83      7 
   387 :      6     88     84      7 
   388 :     81     86     82      7 
   389 :     82     87     83      7 
   390 :     86     87     82      7 
   391 :      4     85      0      7 
   392 :     88      7      1      7 
   393 :    115      1    107      7 
   394 :    103     15    112      7 
   395 :     15    110    111      7 
   396 :    112     15    111      7 
   397 :    104    114     16      7 
   398 :     16    115    107      7 
   399 :    114    115     16      7 
   400 :    111    110     19      7 
   401 :    104    103    113      7 
   402 :    103    112    113      7 
   403 :    104    113    114      7 
   404 :    107      1      7      7 
   405 :    110     18     19      7 
   406 :     19    124    132      7 
   407 :    120     23    129      7 
   408 :     23    127    128      7 
   409 :    129     23    128      7 
   410 :     24    121    131      7 
   411 :    124     24    132      7 
   412 :    132     24    131      7 
   413 :    128    127     27      7 
   414 :    121    120    130      7 
   415 :    130    120    129      7 
   416 :    131    121    130      7 
   417 :     18    124     19      7 
   418 :    127     26     27      7 
   419 :     27    141    149      7 
   420 :    137     31    146      7 
   421 :     31    144    145      7 
   422 :    146     31    145      7 
   423 :     32    138    148      7 
   424 :    141     32    149      7 
   425 :    149     32    148      7 
   426 :    145    144     35      7 
   427 :    138    137    147      7 
   428 :    147    137    146      7 
   429 :    148    138    147      7 
   430 :     27     26    141      7 
   431 :    144     34     35      7 
   432 :     35    158    166      7 
   433 :     39    163    154      7 
   434 :    161    162     39      7 
   435 :    162    163     39      7 
   436 :     40    155    165      7 
   437 :    158     40    166      7 
   438 :    166     40    165      7 
   439 :     43    162    161      7 
   440 :    164    155    154      7 
   441 :    163    164    154      7 
   442 :    165    155    164      7 
   443 :     35     34    158      7 
   444 :     43    161     42      7 
   445 :      0    177    176      7 
   446 :    181     43    175      7 
   447 :     45    178    171      7 
   448 :    176    177     45      7 
   449 :    177    178     45      7 
   450 :    172    180     46      7 
   451 :     46    181    175      7 
   452 :    180    181     46      7 
   453 :    171    179    172      7 
   454 :    178    179    171      7 
   455 :    179    180    172      7 
   456 :      0    176      4      7 
   457 :    175     43     42      7 
   458 :    182    358    351      8 
   459 :    350    359    358      8 
   460 :     55    356     54      8 
   461 :    354    358    182      8 
   462 :    358    359    353      8 
   463 :     53    357     52      8 
   464 :     54    352    197      8 
   465 :    196    349     53      8 
   466 :    355    359    349      8 
   467 :    352    359    355      8 
   468 :    351    358    353      8 
   469 :    350    358    354      8 
   470 :    353    356    351      8 
   471 :    354    357    350      8 
   472 :    349    350     53      8 
   473 :    185    361     57      8 
   474 :     58    360    186      8 
   475 :    186    355    185      8 
   476 :     54    353    352      8 
   477 :    197    360     58      8 
   478 :     57    361    196      8 
   479 :    196    361    349      8 
   480 :    352    360    197      8 
   481 :    349    359    350      8 
   482 :    353    359    352      8 
   483 :    350    357     53      8 
   484 :     54    356    353      8 
   485 :    182    351     49      8 
   486 :    349    361    355      8 
   487 :    355    360    352      8 
   488 :     48    354    182      8 
   489 :    186    360    355      8 
   490 :    355    361    185      8 
   491 :     52    357     48      8 
   492 :     48    357    354      8 
   493 :    351    356     49      8 
   494 :     49    356     55      8 
   495 :     60    198    366      8 
   496 :     64     65    373      8 
   497 :     55     61    370      8 
   498 :    367     61    368      8 
   499 :    366    367    373      8 
   500 :     61    199    368      8 
   501 :     64    369    371      8 
   502 :    367    369    373      8 
   503 :    369    364    371      8 
   504 :    367    368    369      8 
   505 :    198    365    366      8 
   506 :    200    201    364      8 
   507 :     62    200    372      8 
   508 :    199     62    372      8 
   509 :    366    365    367      8 
   510 :     61    367    370      8 
   511 :    368    364    369      8 
   512 :    367    365    370      8 
   513 :    198     49    365      8 
   514 :    201     63    371      8 
   515 :    368    199    372      8 
   516 :    364    201    371      8 
   517 :    200    364    372      8 
   518 :    364    368    372      8 
   519 :    369     64    373      8 
   520 :    365     49    370      8 
   521 :     63     64    371      8 
   522 :     49     55    370      8 
   523 :     65     60    373      8 
   524 :     60    366    373      8 
   525 :     68    213    378      8 
   526 :     72     73    385      8 
   527 :     65     69    382      8 
   528 :    379     69    380      8 
   529 :    378    379    385      8 
   530 :     69    214    380      8 
   531 :     72    381    383      8 
   532 :    379    381    385      8 
   533 :    381    376    383      8 
   534 :    379    380    381      8 
   535 :    213    377    378      8 
   536 :    215    216    376      8 
   537 :     70    215    384      8 
   538 :    214     70    384      8 
   539 :    378    377    379      8 
   540 :     69    379    382      8 
   541 :    380    376    381      8 
   542 :    379    377    382      8 
   543 :    213     60    377      8 
   544 :    216     71    383      8 
   545 :    380    214    384      8 
   546 :    376    216    383      8 
   547 :    215    376    384      8 
   548 :    376    380    384      8 
   549 :    381     72    385      8 
   550 :    377     60    382      8 
   551 :     71     72    383      8 
   552 :     60     65    382      8 
   553 :     73     68    385      8 
   554 :     68    378    385      8 
   555 :     48    228    390      8 
   556 :     79     52    397      8 
   557 :     73     76    394      8 
   558 :    391     76    392      8 
   559 :    390    391    397      8 
   560 :     76    229    392      8 
   561 :     79    393    395      8 
   562 :    391    393    397      8 
   563 :    393    388    395      8 
   564 :    391    392    393      8 
   565 :    228    389    390      8 
   566 :    230    231    388      8 
   567 :     77    230    396      8 
   568 :    229     77    396      8 
   569 :    390    389    391      8 
   570 :     76    391    394      8 
   571 :    392    388    393      8 
   572 :    391    389    394      8 
   573 :    228     68    389      8 
   574 :    231     78    395      8 
   575 :    392    229    396      8 
   576 :    388    231    395      8 
   577 :    230    388    396      8 
   578 :    388    392    396      8 
   579 :    393     79    397      8 
   580 :    389     68    394      8 
   581 :     78     79    395      8 
   582 :     52     48    397      8 
   583 :     48    390    397      8 
   584 :     68     73    394      8 
   585 :     53     52    362      9 
   586 :    184     57    196      9 
   587 :    196     53    362      9 
   588 :    184    196    362      9 
   589 :    183    184    362      9 
   590 :     52     56    362      9 
   591 :     56    183    362      9 
   592 :     54    363     55      9 
   593 :    187    197     58      9 
   594 :    197    363     54      9 
   595 :    187    363    197      9 
   596 :    188    363    187      9 
   597 :     55    363     59      9 
   598 :     59    363    188      9 
   599 :     61     55    374      9 
   600 :    199    203     62      9 
   601 :    203    199    374      9 
   602 :    202    203    374      9 
   603 :    199     61    374      9 
   604 :     55     59    374      9 
   605 :     59    202    374      9 
   606 :     65     64    375      9 
   607 :    204    205    375      9 
   608 :     64     63    375      9 
   609 :     63    204    375      9 
   610 :     66     65    375      9 
   611 :    205     66    375      9 
   612 :     65    386     69      9 
   613 :    218     70    214      9 
   614 :     69    386    214      9 
   615 :    214    386    218      9 
   616 :    218    386    217      9 
   617 :     66    386     65      9 
   618 :    217    386     66      9 
   619 :     73     72    387      9 
   620 :    219    220    387      9 
   621 :     72     71    387      9 
   622 :     71    219    387      9 
   623 :     74     73    387      9 
   624 :    220     74    387      9 
   625 :     73    398     76      9 
   626 :    229    233     77      9 
   627 :    229    398    233      9 
   628 :    233    398    232      9 
   629 :     76    398    229      9 
   630 :     74    398     73      9 
   631 :    232    398     74      9 
   632 :     79    399     52      9 
   633 :    235    399    234      9 
   634 :     52    399     56      9 
   635 :     56    399    235      9 
   636 :     78    399     79      9 
   637 :    234    399     78      9 
   638 :     50    183     56     10 
   639 :     50    189    183     10 
   640 :    188     51     59     10 
   641 :    195     51    188     10 
   642 :    184    190     57     10 
   643 :     57    191    185     10 
   644 :    190    191     57     10 
   645 :    186    193     58     10 
   646 :     58    194    187     10 
   647 :    193    194     58     10 
   648 :    183    189    184     10 
   649 :    189    190    184     10 
   650 :    185    192    186     10 
   651 :    191    192    185     10 
   652 :    192    193    186     10 
   653 :    187    195    188     10 
   654 :    194    195    187     10 
   655 :     59     51    202     10 
   656 :     51    206    202     10 
   657 :    200     62    208     10 
   658 :     62    203    207     10 
   659 :    208     62    207     10 
   660 :     63    201    210     10 
   661 :    204     63    211     10 
   662 :    211     63    210     10 
   663 :     66    205     67     10 
   664 :     67    205    212     10 
   665 :    201    200    209     10 
   666 :    209    200    208     10 
   667 :    210    201    209     10 
   668 :    202    206    203     10 
   669 :    203    206    207     10 
   670 :    205    204    212     10 
   671 :    212    204    211     10 
   672 :    217     66     67     10 
   673 :    221    217     67     10 
   674 :    215     70    223     10 
   675 :     70    218    222     10 
   676 :    223     70    222     10 
   677 :     71    216    225     10 
   678 :    219     71    226     10 
   679 :    226     71    225     10 
   680 :     75     74    220     10 
   681 :     75    220    227     10 
   682 :    216    215    224     10 
   683 :    224    215    223     10 
   684 :    225    216    224     10 
   685 :    218    217    221     10 
   686 :    222    218    221     10 
   687 :    220    219    227     10 
   688 :    227    219    226     10 
   689 :    235     50     56     10 
   690 :    242     50    235     10 
   691 :    232     74     75     10 
   692 :    236    232     75     10 
   693 :     77    238    230     10 
   694 :    237     77    233     10 
   695 :    237    238     77     10 
   696 :    231    240     78     10 
   697 :     78    241    234     10 
   698 :    240    241     78     10 
   699 :    230    239    231     10 
   700 :    238    239    230     10 
   701 :    239    240    231     10 
   702 :    236    233    232     10 
   703 :    236    237    233     10 
   704 :    234    242    235     10 
   705 :    241    242    234     10 
   706 :    149    212     27     11 
   707 :    148     67    149     11 
   708 :    147    221    148     11 
   709 :    146    222    147     11 
   710 :    145    223    146     11 
   711 :    166    224     35     11 
   712 :    165    225    166     11 
   713 :    164    226    165     11 
   714 :    163    227    164     11 
   715 :    162     75    163     11 
   716 :     43    236    162     11 
   717 :    181    237     43     11 
   718 :    180    238    181     11 
   719 :    178    239    179     11 
   720 :    177    240    178     11 
   721 :      0    241    177     11 
   722 :     80    242      0     11 
   723 :     81     50     80     11 
   724 :     82    189     81     11 
   725 :     83    190     82     11 
   726 :     84    191     83     11 
   727 :    115    192      1     11 
   728 :    114    193    115     11 
   729 :    113    194    114     11 
   730 :    112    195    113     11 
   731 :    111     51    112     11 
   732 :     19    206    111     11 
   733 :    132    207     19     11 
   734 :    131    208    132     11 
   735 :    129    209    130     11 
   736 :    128    210    129     11 
   737 :     27    211    128     11 
   738 :    212    149     67     11 
   739 :     67    148    221     11 
   740 :    221    147    222     11 
   741 :    222    146    223     11 
   742 :    224    166    225     11 
   743 :    225    165    226     11 
   744 :    226    164    227     11 
   745 :    227    163     75     11 
   746 :     75    162    236     11 
   747 :    236     43    237     11 
   748 :    237    181    238     11 
   749 :    239    178    240     11 
   750 :    240    177    241     11 
   751 :    241      0    242     11 
   752 :    242     80     50     11 
   753 :     50     81    189     11 
   754 :    189     82    190     11 
   755 :    190     83    191     11 
   756 :    192    115    193     11 
   757 :    193    114    194     11 
   758 :    194    113    195     11 
   759 :    195    112     51     11 
   760 :     51    111    206     11 
   761 :    206     19    207     11 
   762 :    207    132    208     11 
   763 :    209    129    210     11 
   764 :    210    128    211     11 
   765 :    211     27    212     11 
   766 :    223    145    224     11 
   767 :     35    224    145     11 
   768 :    238    180    239     11 
   769 :    179    239    180     11 
   770 :    191     84    192     11 
   771 :      1    192     84     11 
   772 :    208    131    209     11 
   773 :    130    209    131     11 
