Number of nodes 838 
     0 :  2.9666667e-02  0.0000000e+00 
     1 :  1.4833333e-02  2.5692087e-02 
     2 :  6.0000000e-02  0.0000000e+00 
     3 :  3.0000000e-02  5.1961524e-02 
     4 :  3.0000000e-02  0.0000000e+00 
     5 :  2.8977775e-02  7.7645714e-03 
     6 :  2.1213203e-02  2.1213203e-02 
     7 :  1.5000000e-02  2.5980762e-02 
     8 :  4.8000000e-02  0.0000000e+00 
     9 :  4.4923484e-02  1.6908002e-02 
    10 :  3.7104502e-02  3.0450878e-02 
    11 :  2.4000000e-02  4.1569219e-02 
    12 : -3.0000000e-02  5.1961524e-02 
    13 : -2.4000000e-02  4.1569219e-02 
    14 : -7.8189827e-03  4.7358880e-02 
    15 : -7.7645714e-03  2.8977775e-02 
    16 :  7.7645714e-03  2.8977775e-02 
    17 :  7.8189827e-03  4.7358880e-02 
    18 : -1.5000000e-02  2.5980762e-02 
    19 : -1.4833333e-02  2.5692087e-02 
    20 : -6.0000000e-02  2.0816682e-17 
    21 : -4.8000000e-02  1.7347235e-17 
    22 : -4.4923484e-02  1.6908002e-02 
    23 : -2.8977775e-02  7.7645714e-03 
    24 : -2.1213203e-02  2.1213203e-02 
    25 : -3.7104502e-02  3.0450878e-02 
    26 : -3.0000000e-02  1.0408341e-17 
    27 : -2.9666667e-02  1.0408341e-17 
    28 : -3.0000000e-02 -5.1961524e-02 
    29 : -2.4000000e-02 -4.1569219e-02 
    30 : -3.7104502e-02 -3.0450878e-02 
    31 : -2.1213203e-02 -2.1213203e-02 
    32 : -2.8977775e-02 -7.7645714e-03 
    33 : -4.4923484e-02 -1.6908002e-02 
    34 : -1.5000000e-02 -2.5980762e-02 
    35 : -1.4833333e-02 -2.5692087e-02 
    36 :  3.0000000e-02 -5.1961524e-02 
    37 :  2.4000000e-02 -4.1569219e-02 
    38 :  7.8189827e-03 -4.7358880e-02 
    39 :  7.7645714e-03 -2.8977775e-02 
    40 : -7.7645714e-03 -2.8977775e-02 
    41 : -7.8189827e-03 -4.7358880e-02 
    42 :  1.5000000e-02 -2.5980762e-02 
    43 :  1.4833333e-02 -2.5692087e-02 
    44 :  4.4923484e-02 -1.6908002e-02 
    45 :  2.8977775e-02 -7.7645714e-03 
    46 :  2.1213203e-02 -2.1213203e-02 
    47 :  3.7104502e-02 -3.0450878e-02 
    48 :  5.7955550e-03  1.5529143e-03 
    49 : -1.5529143e-03  5.7955550e-03 
    50 :  2.8333824e-02  7.5920252e-03 
    51 : -7.5920252e-03  2.8333824e-02 
    52 :  1.9318517e-02  5.1763811e-03 
    53 :  1.5867067e-02  1.2175228e-02 
    54 :  2.6105241e-03  1.9828898e-02 
    55 : -5.1763811e-03  1.9318517e-02 
    56 :  2.8011849e-02  7.5057523e-03 
    57 :  2.0690378e-02  2.0320143e-02 
    58 :  7.2525705e-03  2.8078465e-02 
    59 : -7.5057523e-03  2.8011849e-02 
    60 : -5.7955550e-03 -1.5529143e-03 
    61 : -1.2175228e-02  1.5867067e-02 
    62 : -2.0320143e-02  2.0690378e-02 
    63 : -2.8078465e-02  7.2525705e-03 
    64 : -1.9828898e-02  2.6105241e-03 
    65 : -1.9318517e-02 -5.1763811e-03 
    66 : -2.8011849e-02 -7.5057523e-03 
    67 : -2.8333824e-02 -7.5920252e-03 
    68 :  1.5529143e-03 -5.7955550e-03 
    69 : -1.5867067e-02 -1.2175228e-02 
    70 : -2.0690378e-02 -2.0320143e-02 
    71 : -7.2525705e-03 -2.8078465e-02 
    72 : -2.6105241e-03 -1.9828898e-02 
    73 :  5.1763811e-03 -1.9318517e-02 
    74 :  7.5057523e-03 -2.8011849e-02 
    75 :  7.5920252e-03 -2.8333824e-02 
    76 :  1.2175228e-02 -1.5867067e-02 
    77 :  2.0320143e-02 -2.0690378e-02 
    78 :  2.8078465e-02 -7.2525705e-03 
    79 :  1.9828898e-02 -2.6105241e-03 
    80 :  2.9532334e-02  2.8199960e-03 
    81 :  2.9130551e-02  5.6144536e-03 
    82 :  2.8464958e-02  8.3580659e-03 
    83 :  2.7541582e-02  1.1025986e-02 
    84 :  2.6368785e-02  1.3594054e-02 
    85 :  2.4957188e-02  1.6039011e-02 
    86 :  2.3319575e-02  1.8338717e-02 
    87 :  2.1470776e-02  2.0472344e-02 
    88 :  1.9427535e-02  2.2420571e-02 
    89 :  1.7208355e-02  2.4165753e-02 
    90 :  2.9885841e-02  2.6146723e-03 
    91 :  2.9544233e-02  5.2094453e-03 
    92 :  2.8190779e-02  1.0260604e-02 
    93 :  2.7189234e-02  1.2678548e-02 
    94 :  2.5980762e-02  1.5000000e-02 
    95 :  2.4574561e-02  1.7207293e-02 
    96 :  2.2981333e-02  1.9283628e-02 
    97 :  1.9283628e-02  2.2981333e-02 
    98 :  1.7207293e-02  2.4574561e-02 
    99 :  4.7224608e-02  8.5928094e-03 
   100 :  3.1053895e-02  3.6601306e-02 
   101 :  5.8688856e-02  1.2474701e-02 
   102 :  5.4812727e-02  2.4404199e-02 
   103 :  4.8541020e-02  3.5267115e-02 
   104 :  4.0147836e-02  4.4588690e-02 
   105 :  3.2823201e-02  0.0000000e+00 
   106 :  3.6554082e-02  0.0000000e+00 
   107 :  4.1484465e-02  0.0000000e+00 
   108 :  3.1462538e-02  9.1893598e-03 
   109 :  3.4757793e-02  1.1078892e-02 
   110 :  3.9127907e-02  1.3584760e-02 
   111 :  2.3689488e-02  2.2652677e-02 
   112 :  2.6973498e-02  2.4561686e-02 
   113 :  3.1328701e-02  2.7093382e-02 
   114 :  1.6411601e-02  2.8425726e-02 
   115 :  1.8277041e-02  3.1656763e-02 
   116 :  2.0742232e-02  3.5926600e-02 
   117 :  1.8541020e-02  5.7063391e-02 
   118 :  6.2717077e-03  5.9671314e-02 
   119 : -6.2717079e-03  5.9671314e-02 
   120 : -1.8541020e-02  5.7063391e-02 
   121 : -1.6170713e-02  4.5194115e-02 
   122 : -7.7992065e-03  4.0678142e-02 
   123 : -7.7842944e-03  3.5640578e-02 
   124 : -7.7730501e-03  3.1842037e-02 
   125 : -5.2094453e-03  2.9544233e-02 
   126 : -2.6146723e-03  2.9885841e-02 
   127 :  2.0956085e-11  3.0000000e-02 
   128 :  2.6146723e-03  2.9885841e-02 
   129 :  5.2094453e-03  2.9544233e-02 
   130 :  7.7730501e-03  3.1842037e-02 
   131 :  7.7842944e-03  3.5640578e-02 
   132 :  7.7992065e-03  4.0678142e-02 
   133 :  1.6170713e-02  4.5194115e-02 
   134 :  1.0260604e-02  2.8190779e-02 
   135 :  1.2678548e-02  2.7189234e-02 
   136 : -2.0742232e-02  3.5926600e-02 
   137 : -1.8277041e-02  3.1656763e-02 
   138 : -1.6411601e-02  2.8425726e-02 
   139 : -1.2678548e-02  2.7189234e-02 
   140 : -1.0260604e-02  2.8190779e-02 
   141 : -1.2323979e-02  2.6985749e-02 
   142 : -9.7030162e-03  2.8035024e-02 
   143 : -6.9941817e-03  2.8830410e-02 
   144 : -4.2220068e-03  2.9364703e-02 
   145 : -1.4115968e-03  2.9633064e-02 
   146 :  1.4115969e-03  2.9633064e-02 
   147 :  4.2220069e-03  2.9364703e-02 
   148 :  6.9941818e-03  2.8830410e-02 
   149 :  9.7030163e-03  2.8035024e-02 
   150 :  1.2323979e-02  2.6985749e-02 
   151 : -4.0147836e-02  4.4588690e-02 
   152 : -4.8541020e-02  3.5267115e-02 
   153 : -5.4812727e-02  2.4404199e-02 
   154 : -5.8688856e-02  1.2474701e-02 
   155 : -4.7224608e-02  8.5928094e-03 
   156 : -3.9127907e-02  1.3584760e-02 
   157 : -3.4757793e-02  1.1078892e-02 
   158 : -3.1462538e-02  9.1893598e-03 
   159 : -2.8190779e-02  1.0260604e-02 
   160 : -2.7189234e-02  1.2678548e-02 
   161 : -2.5980762e-02  1.5000000e-02 
   162 : -2.4574561e-02  1.7207293e-02 
   163 : -2.2981333e-02  1.9283628e-02 
   164 : -2.3689488e-02  2.2652677e-02 
   165 : -2.6973498e-02  2.4561686e-02 
   166 : -3.1328701e-02  2.7093382e-02 
   167 : -3.1053895e-02  3.6601306e-02 
   168 : -1.9283628e-02  2.2981333e-02 
   169 : -1.7207293e-02  2.4574561e-02 
   170 : -4.1484465e-02  1.4835534e-17 
   171 : -3.6554082e-02  1.2934901e-17 
   172 : -3.2823201e-02  1.1496668e-17 
   173 : -2.9885841e-02  2.6146723e-03 
   174 : -2.9544233e-02  5.2094453e-03 
   175 : -2.9532334e-02  2.8199959e-03 
   176 : -2.9130551e-02  5.6144536e-03 
   177 : -2.8464958e-02  8.3580659e-03 
   178 : -2.7541582e-02  1.1025986e-02 
   179 : -2.6368785e-02  1.3594054e-02 
   180 : -2.4957188e-02  1.6039011e-02 
   181 : -2.3319575e-02  1.8338717e-02 
   182 : -2.1470776e-02  2.0472344e-02 
   183 : -1.9427535e-02  2.2420571e-02 
   184 : -1.7208355e-02  2.4165753e-02 
   185 : -5.8688856e-02 -1.2474701e-02 
   186 : -5.4812727e-02 -2.4404199e-02 
   187 : -4.8541020e-02 -3.5267115e-02 
   188 : -4.0147836e-02 -4.4588690e-02 
   189 : -3.1053895e-02 -3.6601306e-02 
   190 : -3.1328701e-02 -2.7093382e-02 
   191 : -2.6973498e-02 -2.4561686e-02 
   192 : -2.3689488e-02 -2.2652677e-02 
   193 : -2.2981333e-02 -1.9283628e-02 
   194 : -2.4574561e-02 -1.7207293e-02 
   195 : -2.5980762e-02 -1.5000000e-02 
   196 : -2.7189234e-02 -1.2678548e-02 
   197 : -2.8190779e-02 -1.0260604e-02 
   198 : -3.1462538e-02 -9.1893598e-03 
   199 : -3.4757793e-02 -1.1078892e-02 
   200 : -3.9127907e-02 -1.3584760e-02 
   201 : -4.7224608e-02 -8.5928093e-03 
   202 : -2.9544233e-02 -5.2094453e-03 
   203 : -2.9885841e-02 -2.6146723e-03 
   204 : -2.0742232e-02 -3.5926600e-02 
   205 : -1.8277041e-02 -3.1656763e-02 
   206 : -1.6411601e-02 -2.8425726e-02 
   207 : -1.7207293e-02 -2.4574561e-02 
   208 : -1.9283628e-02 -2.2981333e-02 
   209 : -1.7208355e-02 -2.4165753e-02 
   210 : -1.9427535e-02 -2.2420571e-02 
   211 : -2.1470776e-02 -2.0472344e-02 
   212 : -2.3319575e-02 -1.8338717e-02 
   213 : -2.4957188e-02 -1.6039011e-02 
   214 : -2.6368785e-02 -1.3594053e-02 
   215 : -2.7541582e-02 -1.1025986e-02 
   216 : -2.8464958e-02 -8.3580658e-03 
   217 : -2.9130551e-02 -5.6144536e-03 
   218 : -2.9532334e-02 -2.8199959e-03 
   219 : -1.8541020e-02 -5.7063391e-02 
   220 : -6.2717077e-03 -5.9671314e-02 
   221 :  6.2717078e-03 -5.9671314e-02 
   222 :  1.8541020e-02 -5.7063391e-02 
   223 :  1.6170713e-02 -4.5194115e-02 
   224 :  7.7992065e-03 -4.0678142e-02 
   225 :  7.7842944e-03 -3.5640578e-02 
   226 :  7.7730501e-03 -3.1842037e-02 
   227 :  5.2094453e-03 -2.9544233e-02 
   228 :  2.6146723e-03 -2.9885841e-02 
   229 : -3.8867958e-11 -3.0000000e-02 
   230 : -2.6146723e-03 -2.9885841e-02 
   231 : -5.2094453e-03 -2.9544233e-02 
   232 : -7.7730501e-03 -3.1842037e-02 
   233 : -7.7842944e-03 -3.5640578e-02 
   234 : -7.7992065e-03 -4.0678142e-02 
   235 : -1.6170713e-02 -4.5194115e-02 
   236 : -1.0260604e-02 -2.8190779e-02 
   237 : -1.2678548e-02 -2.7189234e-02 
   238 :  2.0742232e-02 -3.5926600e-02 
   239 :  1.8277041e-02 -3.1656763e-02 
   240 :  1.6411601e-02 -2.8425726e-02 
   241 :  1.2678548e-02 -2.7189234e-02 
   242 :  1.0260604e-02 -2.8190779e-02 
   243 :  1.2323979e-02 -2.6985749e-02 
   244 :  9.7030162e-03 -2.8035024e-02 
   245 :  6.9941817e-03 -2.8830410e-02 
   246 :  4.2220068e-03 -2.9364703e-02 
   247 :  1.4115968e-03 -2.9633064e-02 
   248 : -1.4115969e-03 -2.9633064e-02 
   249 : -4.2220069e-03 -2.9364703e-02 
   250 : -6.9941818e-03 -2.8830410e-02 
   251 : -9.7030163e-03 -2.8035024e-02 
   252 : -1.2323979e-02 -2.6985749e-02 
   253 :  4.0147836e-02 -4.4588690e-02 
   254 :  4.8541020e-02 -3.5267115e-02 
   255 :  5.4812727e-02 -2.4404199e-02 
   256 :  5.8688856e-02 -1.2474701e-02 
   257 :  4.7224608e-02 -8.5928094e-03 
   258 :  3.9127907e-02 -1.3584760e-02 
   259 :  3.4757793e-02 -1.1078892e-02 
   260 :  3.1462538e-02 -9.1893598e-03 
   261 :  2.8190779e-02 -1.0260604e-02 
   262 :  2.7189234e-02 -1.2678548e-02 
   263 :  2.5980762e-02 -1.5000000e-02 
   264 :  2.4574561e-02 -1.7207293e-02 
   265 :  2.2981333e-02 -1.9283628e-02 
   266 :  2.3689488e-02 -2.2652677e-02 
   267 :  2.6973498e-02 -2.4561686e-02 
   268 :  3.1328701e-02 -2.7093382e-02 
   269 :  3.1053895e-02 -3.6601306e-02 
   270 :  1.9283628e-02 -2.2981333e-02 
   271 :  1.7207293e-02 -2.4574561e-02 
   272 :  2.9885841e-02 -2.6146723e-03 
   273 :  2.9544233e-02 -5.2094453e-03 
   274 :  2.9532334e-02 -2.8199959e-03 
   275 :  2.9130551e-02 -5.6144536e-03 
   276 :  2.8464958e-02 -8.3580659e-03 
   277 :  2.7541582e-02 -1.1025986e-02 
   278 :  2.6368785e-02 -1.3594054e-02 
   279 :  2.4957188e-02 -1.6039011e-02 
   280 :  2.3319575e-02 -1.8338717e-02 
   281 :  2.1470776e-02 -2.0472344e-02 
   282 :  1.9427535e-02 -2.2420571e-02 
   283 :  1.7208355e-02 -2.4165753e-02 
   284 :  3.0000000e-03  5.1961524e-03 
   285 :  2.7092552e-02  1.0343771e-02 
   286 :  2.5886562e-02  1.3072333e-02 
   287 :  2.4406641e-02  1.5662563e-02 
   288 :  2.2668448e-02  1.8087052e-02 
   289 :  1.8774202e-02  2.2102700e-02 
   290 :  1.6705126e-02  2.3705248e-02 
   291 :  1.4500000e-02  2.5114737e-02 
   292 :  1.2176784e-02  2.6319687e-02 
   293 :  9.7543987e-03  2.7310286e-02 
   294 :  4.3296220e-03  2.8674979e-02 
   295 :  1.3608569e-03  2.8968053e-02 
   296 : -1.6223085e-03  2.8954587e-02 
   297 : -4.5883075e-03  2.8634724e-02 
   298 :  2.7453241e-02  1.0332668e-02 
   299 :  2.6308267e-02  1.2973801e-02 
   300 :  2.4909931e-02  1.5489990e-02 
   301 :  2.3271698e-02  1.7857002e-02 
   302 :  2.1409346e-02  2.0052041e-02 
   303 :  1.9340810e-02  2.2053968e-02 
   304 :  1.7086012e-02  2.3843503e-02 
   305 :  1.4666667e-02  2.5403412e-02 
   306 :  1.2106073e-02  2.6718672e-02 
   307 :  9.4288910e-03  2.7776618e-02 
   308 :  6.6609039e-03  2.8567058e-02 
   309 :  3.8287684e-03  2.9082383e-02 
   310 :  9.5975934e-04  2.9317628e-02 
   311 : -1.9184914e-03  2.9270529e-02 
   312 : -4.7782675e-03  2.8941538e-02 
   313 :  2.2917924e-02  6.1408392e-03 
   314 :  2.5763007e-02  6.9031769e-03 
   315 :  1.7878671e-02  1.5572136e-02 
   316 :  1.9455054e-02  1.8234105e-02 
   317 :  4.5465299e-03  2.3269451e-02 
   318 :  6.0636711e-03  2.5965623e-02 
   319 : -6.1408392e-03  2.2917924e-02 
   320 : -6.9031769e-03  2.5763007e-02 
   321 : -5.1961524e-03  3.0000000e-03 
   322 : -1.5572136e-02  1.7878671e-02 
   323 : -1.8234105e-02  1.9455054e-02 
   324 : -2.2102700e-02  1.8774202e-02 
   325 : -2.3705248e-02  1.6705126e-02 
   326 : -2.5114737e-02  1.4500000e-02 
   327 : -2.6319687e-02  1.2176784e-02 
   328 : -2.7310286e-02  9.7543987e-03 
   329 : -2.5965623e-02  6.0636711e-03 
   330 : -2.3269451e-02  4.5465299e-03 
   331 : -1.0343771e-02  2.7092552e-02 
   332 : -1.3072333e-02  2.5886562e-02 
   333 : -1.5662563e-02  2.4406641e-02 
   334 : -1.8087052e-02  2.2668448e-02 
   335 : -2.5763007e-02 -6.9031769e-03 
   336 : -2.2917924e-02 -6.1408392e-03 
   337 : -2.8674979e-02  4.3296220e-03 
   338 : -2.8968053e-02  1.3608569e-03 
   339 : -2.8954587e-02 -1.6223085e-03 
   340 : -2.8634724e-02 -4.5883075e-03 
   341 : -1.0332668e-02  2.7453241e-02 
   342 : -1.2973801e-02  2.6308267e-02 
   343 : -1.5489990e-02  2.4909931e-02 
   344 : -1.7857002e-02  2.3271698e-02 
   345 : -2.0052041e-02  2.1409346e-02 
   346 : -2.2053968e-02  1.9340810e-02 
   347 : -2.3843503e-02  1.7086012e-02 
   348 : -2.5403412e-02  1.4666667e-02 
   349 : -2.6718672e-02  1.2106073e-02 
   350 : -2.7776618e-02  9.4288910e-03 
   351 : -2.8567058e-02  6.6609039e-03 
   352 : -2.9082383e-02  3.8287684e-03 
   353 : -2.9317628e-02  9.5975934e-04 
   354 : -2.9270529e-02 -1.9184914e-03 
   355 : -2.8941538e-02 -4.7782675e-03 
   356 : -3.0000000e-03 -5.1961524e-03 
   357 : -1.7878671e-02 -1.5572136e-02 
   358 : -1.9455054e-02 -1.8234105e-02 
   359 : -1.8774202e-02 -2.2102700e-02 
   360 : -1.6705126e-02 -2.3705248e-02 
   361 : -1.4500000e-02 -2.5114737e-02 
   362 : -1.2176784e-02 -2.6319687e-02 
   363 : -9.7543987e-03 -2.7310286e-02 
   364 : -6.0636711e-03 -2.5965623e-02 
   365 : -4.5465299e-03 -2.3269451e-02 
   366 : -2.7092552e-02 -1.0343771e-02 
   367 : -2.5886562e-02 -1.3072333e-02 
   368 : -2.4406641e-02 -1.5662563e-02 
   369 : -2.2668448e-02 -1.8087052e-02 
   370 :  6.9031769e-03 -2.5763007e-02 
   371 :  6.1408392e-03 -2.2917924e-02 
   372 : -4.3296220e-03 -2.8674979e-02 
   373 : -1.3608569e-03 -2.8968053e-02 
   374 :  1.6223085e-03 -2.8954587e-02 
   375 :  4.5883075e-03 -2.8634724e-02 
   376 : -2.7453241e-02 -1.0332668e-02 
   377 : -2.6308267e-02 -1.2973801e-02 
   378 : -2.4909931e-02 -1.5489990e-02 
   379 : -2.3271698e-02 -1.7857002e-02 
   380 : -2.1409346e-02 -2.0052041e-02 
   381 : -1.9340810e-02 -2.2053968e-02 
   382 : -1.7086012e-02 -2.3843503e-02 
   383 : -1.4666667e-02 -2.5403412e-02 
   384 : -1.2106073e-02 -2.6718672e-02 
   385 : -9.4288910e-03 -2.7776618e-02 
   386 : -6.6609039e-03 -2.8567058e-02 
   387 : -3.8287684e-03 -2.9082383e-02 
   388 : -9.5975934e-04 -2.9317628e-02 
   389 :  1.9184914e-03 -2.9270529e-02 
   390 :  4.7782675e-03 -2.8941538e-02 
   391 :  5.1961524e-03 -3.0000000e-03 
   392 :  1.5572136e-02 -1.7878671e-02 
   393 :  1.8234105e-02 -1.9455054e-02 
   394 :  2.2102700e-02 -1.8774202e-02 
   395 :  2.3705248e-02 -1.6705126e-02 
   396 :  2.5114737e-02 -1.4500000e-02 
   397 :  2.6319687e-02 -1.2176784e-02 
   398 :  2.7310286e-02 -9.7543987e-03 
   399 :  2.5965623e-02 -6.0636711e-03 
   400 :  2.3269451e-02 -4.5465299e-03 
   401 :  1.0343771e-02 -2.7092552e-02 
   402 :  1.3072333e-02 -2.5886562e-02 
   403 :  1.5662563e-02 -2.4406641e-02 
   404 :  1.8087052e-02 -2.2668448e-02 
   405 :  2.8674979e-02 -4.3296220e-03 
   406 :  2.8968053e-02 -1.3608569e-03 
   407 :  2.8954587e-02  1.6223085e-03 
   408 :  2.8634724e-02  4.5883075e-03 
   409 :  1.0332668e-02 -2.7453241e-02 
   410 :  1.2973801e-02 -2.6308267e-02 
   411 :  1.5489990e-02 -2.4909931e-02 
   412 :  1.7857002e-02 -2.3271698e-02 
   413 :  2.0052041e-02 -2.1409346e-02 
   414 :  2.2053968e-02 -1.9340810e-02 
   415 :  2.3843503e-02 -1.7086012e-02 
   416 :  2.5403412e-02 -1.4666667e-02 
   417 :  2.6718672e-02 -1.2106073e-02 
   418 :  2.7776618e-02 -9.4288910e-03 
   419 :  2.8567058e-02 -6.6609039e-03 
   420 :  2.9082383e-02 -3.8287684e-03 
   421 :  2.9317628e-02 -9.5975934e-04 
   422 :  2.9270529e-02  1.9184914e-03 
   423 :  2.8941538e-02  4.7782675e-03 
   424 :  3.5067060e-02  1.5884833e-02 
   425 :  2.7337791e-02  1.7469602e-02 
   426 :  3.1440879e-02  2.2331968e-02 
   427 :  3.0565223e-02  1.1980681e-02 
   428 :  2.5658186e-02  2.0479919e-02 
   429 :  3.8967439e-02  1.8963819e-02 
   430 :  4.3130452e-02  2.2780963e-02 
   431 :  3.6813748e-02  2.4135848e-02 
   432 :  2.9084643e-02  1.4858907e-02 
   433 :  3.0979360e-02  1.7846045e-02 
   434 :  3.4855895e-02  2.0124060e-02 
   435 :  2.8477943e-02  2.0537844e-02 
   436 :  3.2275292e-02  1.4366429e-02 
   437 :  5.3678880e-02  5.6749589e-03 
   438 :  3.1754099e-02  4.3649795e-02 
   439 :  3.8226279e-02  3.7605865e-02 
   440 :  5.1433087e-02  1.4916643e-02 
   441 :  4.2604148e-02  2.8080989e-02 
   442 :  4.8346154e-02  2.1355989e-02 
   443 :  4.7486900e-02  2.6377851e-02 
   444 :  3.2648520e-02  4.5551314e-03 
   445 :  3.9019273e-02  3.7504371e-03 
   446 :  3.4258390e-02  7.6263603e-03 
   447 :  3.8611952e-02  8.0489521e-03 
   448 :  3.4688642e-02  2.5737506e-03 
   449 :  3.1472985e-02  6.7786264e-03 
   450 :  4.3664729e-02  4.1185184e-03 
   451 :  3.6313652e-02  5.1506121e-03 
   452 :  3.2009241e-02  1.9487109e-03 
   453 :  4.2710536e-02  1.0250608e-02 
   454 :  2.0269119e-02  2.5996882e-02 
   455 :  2.2757610e-02  3.1916463e-02 
   456 :  2.3733817e-02  2.5855456e-02 
   457 :  2.6276573e-02  2.9414455e-02 
   458 :  1.9573254e-02  2.8754369e-02 
   459 :  2.1606955e-02  2.3867091e-02 
   460 :  2.5399106e-02  3.5755506e-02 
   461 :  2.2617387e-02  2.8873239e-02 
   462 :  1.7692253e-02  2.6746460e-02 
   463 :  3.0232555e-02  3.1863105e-02 
   464 : -3.6500097e-03  3.8505330e-02 
   465 :  1.4602231e-03  3.2410023e-02 
   466 :  3.7463522e-03  3.8200822e-02 
   467 : -4.9070372e-03  3.2460600e-02 
   468 :  4.9070372e-03  3.2460600e-02 
   469 : -2.6058812e-03  4.4366186e-02 
   470 :  3.1000984e-03  4.3265186e-02 
   471 :  1.8419299e-03  4.8738915e-02 
   472 : -1.6741308e-03  3.2617493e-02 
   473 : -8.6744721e-06  3.5751960e-02 
   474 :  1.3611508e-14  4.0248174e-02 
   475 :  3.5778465e-03  3.4892796e-02 
   476 : -3.6880027e-03  3.5144536e-02 
   477 : -2.1924782e-02  4.9324753e-02 
   478 :  2.1924782e-02  4.9324753e-02 
   479 : -1.2406113e-02  5.1951390e-02 
   480 :  1.3454495e-02  5.1907861e-02 
   481 : -3.7094752e-03  5.3095886e-02 
   482 :  1.2379400e-02  3.0552013e-02 
   483 :  1.6261663e-02  3.5666900e-02 
   484 :  1.0524573e-02  3.3481816e-02 
   485 :  1.2335379e-02  3.7463407e-02 
   486 :  1.5115387e-02  3.1328120e-02 
   487 :  9.8660299e-03  3.0645718e-02 
   488 :  1.8265623e-02  3.9874024e-02 
   489 :  1.3696265e-02  3.4023851e-02 
   490 :  1.4316987e-02  2.8695171e-02 
   491 :  1.2477981e-02  4.2113714e-02 
   492 : -1.2379400e-02  3.0552013e-02 
   493 : -1.6723847e-02  3.5258935e-02 
   494 : -1.0439260e-02  3.3353052e-02 
   495 : -1.1055798e-02  3.7391239e-02 
   496 : -1.5115387e-02  3.1328120e-02 
   497 : -9.8015131e-03  3.0611976e-02 
   498 : -1.7811441e-02  3.9819308e-02 
   499 : -1.2427672e-02  4.1715434e-02 
   500 : -1.3432293e-02  3.4319625e-02 
   501 : -1.4316987e-02  2.8695171e-02 
   502 : -1.4277731e-02  3.7999006e-02 
   503 : -3.5171599e-02  1.6091664e-02 
   504 : -2.7337791e-02  1.7469602e-02 
   505 : -3.1209706e-02  2.2344847e-02 
   506 : -3.0565223e-02  1.1980681e-02 
   507 : -2.5658186e-02  2.0479919e-02 
   508 : -3.9725185e-02  1.9926334e-02 
   509 : -3.5918701e-02  2.4317357e-02 
   510 : -4.1288174e-02  2.5964616e-02 
   511 : -2.9084643e-02  1.4858907e-02 
   512 : -3.0966443e-02  1.7868468e-02 
   513 : -3.4855941e-02  2.0124087e-02 
   514 : -2.8429125e-02  2.0544904e-02 
   515 : -3.2280062e-02  1.4378364e-02 
   516 : -5.3678880e-02  5.6749589e-03 
   517 : -3.1754099e-02  4.3649795e-02 
   518 : -5.1194280e-02  1.5231686e-02 
   519 : -3.8226279e-02  3.7605865e-02 
   520 : -4.7837124e-02  2.3335443e-02 
   521 : -2.0269119e-02  2.5996882e-02 
   522 : -2.2173210e-02  3.2112744e-02 
   523 : -2.3664961e-02  2.5717190e-02 
   524 : -2.6853864e-02  2.8270221e-02 
   525 : -1.9573254e-02  2.8754369e-02 
   526 : -2.1609992e-02  2.3794347e-02 
   527 : -2.5578812e-02  3.5334814e-02 
   528 : -2.9912789e-02  3.1620396e-02 
   529 : -2.3005521e-02  2.8792520e-02 
   530 : -1.7692253e-02  2.6746460e-02 
   531 : -2.5769239e-02  3.1364380e-02 
   532 : -3.2648520e-02  4.5551315e-03 
   533 : -3.8897057e-02  3.1461912e-03 
   534 : -3.4104220e-02  7.6358621e-03 
   535 : -3.7909662e-02  9.1210181e-03 
   536 : -3.4688642e-02  2.5737506e-03 
   537 : -3.1411505e-02  6.8176285e-03 
   538 : -4.3390253e-02  4.4844940e-03 
   539 : -4.2340461e-02  1.0095037e-02 
   540 : -3.6437814e-02  5.5271058e-03 
   541 : -3.2009241e-02  1.9487109e-03 
   542 : -4.0046970e-02  6.6346254e-03 
   543 : -3.1521589e-02 -2.2413666e-02 
   544 : -2.8798014e-02 -1.4940421e-02 
   545 : -3.4956058e-02 -1.5855975e-02 
   546 : -2.5658186e-02 -2.0479919e-02 
   547 : -3.0565223e-02 -1.1980681e-02 
   548 : -3.7119304e-02 -2.4439852e-02 
   549 : -3.9018800e-02 -1.8947829e-02 
   550 : -4.3130104e-02 -2.2774300e-02 
   551 : -2.7410512e-02 -1.7758586e-02 
   552 : -3.0957768e-02 -1.7883492e-02 
   553 : -3.4855941e-02 -2.0124087e-02 
   554 : -3.2006971e-02 -1.4347892e-02 
   555 : -2.8592059e-02 -2.0766172e-02 
   556 : -3.1754099e-02 -4.3649795e-02 
   557 : -5.3678880e-02 -5.6749589e-03 
   558 : -3.8788167e-02 -3.6719704e-02 
   559 : -5.1680774e-02 -1.4301996e-02 
   560 : -4.4127648e-02 -2.9760443e-02 
   561 : -3.2648520e-02 -4.5551314e-03 
   562 : -3.8897057e-02 -3.1461912e-03 
   563 : -3.4104220e-02 -7.6358621e-03 
   564 : -3.7909662e-02 -9.1210181e-03 
   565 : -3.4688642e-02 -2.5737506e-03 
   566 : -3.1411505e-02 -6.8176285e-03 
   567 : -4.3390253e-02 -4.4844940e-03 
   568 : -4.2340461e-02 -1.0095037e-02 
   569 : -3.6437814e-02 -5.5271058e-03 
   570 : -3.2009241e-02 -1.9487109e-03 
   571 : -4.0046970e-02 -6.6346254e-03 
   572 : -2.0269119e-02 -2.5996882e-02 
   573 : -2.2173210e-02 -3.2112744e-02 
   574 : -2.3664961e-02 -2.5717190e-02 
   575 : -2.6853864e-02 -2.8270221e-02 
   576 : -1.9573254e-02 -2.8754369e-02 
   577 : -2.1609992e-02 -2.3794347e-02 
   578 : -2.5578812e-02 -3.5334814e-02 
   579 : -2.9912789e-02 -3.1620396e-02 
   580 : -2.3005521e-02 -2.8792520e-02 
   581 : -1.7692253e-02 -2.6746460e-02 
   582 : -2.5769239e-02 -3.1364380e-02 
   583 :  3.6500097e-03 -3.8505330e-02 
   584 : -1.4602231e-03 -3.2410023e-02 
   585 : -3.7463522e-03 -3.8200822e-02 
   586 :  4.9070372e-03 -3.2460600e-02 
   587 : -4.9070372e-03 -3.2460600e-02 
   588 :  2.6058812e-03 -4.4366186e-02 
   589 : -3.1000984e-03 -4.3265186e-02 
   590 : -1.8419299e-03 -4.8738915e-02 
   591 :  1.6741308e-03 -3.2617493e-02 
   592 :  8.6744585e-06 -3.5751960e-02 
   593 : -1.3666152e-14 -4.0248174e-02 
   594 : -3.5778465e-03 -3.4892796e-02 
   595 :  3.6880027e-03 -3.5144536e-02 
   596 :  2.1924782e-02 -4.9324753e-02 
   597 : -2.1924782e-02 -4.9324753e-02 
   598 :  1.2406113e-02 -5.1951390e-02 
   599 : -1.3454495e-02 -5.1907861e-02 
   600 :  3.7094752e-03 -5.3095886e-02 
   601 : -1.2379400e-02 -3.0552013e-02 
   602 : -1.6723847e-02 -3.5258935e-02 
   603 : -1.0439260e-02 -3.3353052e-02 
   604 : -1.1055798e-02 -3.7391239e-02 
   605 : -1.5115387e-02 -3.1328120e-02 
   606 : -9.8015131e-03 -3.0611976e-02 
   607 : -1.7811441e-02 -3.9819308e-02 
   608 : -1.2427672e-02 -4.1715434e-02 
   609 : -1.3432293e-02 -3.4319625e-02 
   610 : -1.4316987e-02 -2.8695171e-02 
   611 : -1.4277731e-02 -3.7999006e-02 
   612 :  1.2379400e-02 -3.0552013e-02 
   613 :  1.6723847e-02 -3.5258935e-02 
   614 :  1.0439260e-02 -3.3353052e-02 
   615 :  1.1055798e-02 -3.7391239e-02 
   616 :  1.5115387e-02 -3.1328120e-02 
   617 :  9.8015131e-03 -3.0611976e-02 
   618 :  1.7811441e-02 -3.9819308e-02 
   619 :  1.2427672e-02 -4.1715434e-02 
   620 :  1.3432293e-02 -3.4319625e-02 
   621 :  1.4316987e-02 -2.8695171e-02 
   622 :  1.4277731e-02 -3.7999006e-02 
   623 :  3.4629457e-02 -1.5449759e-02 
   624 :  2.7273747e-02 -1.7497359e-02 
   625 :  3.1217405e-02 -2.2294634e-02 
   626 :  2.9883301e-02 -1.2230989e-02 
   627 :  2.5658186e-02 -2.0479919e-02 
   628 :  3.9710691e-02 -1.9992031e-02 
   629 :  3.5917569e-02 -2.4319938e-02 
   630 :  4.1288174e-02 -2.5964616e-02 
   631 :  2.8695373e-02 -1.4933858e-02 
   632 :  3.0982967e-02 -1.7856393e-02 
   633 :  3.4855941e-02 -2.0124087e-02 
   634 :  3.1526505e-02 -1.4656906e-02 
   635 :  2.8421161e-02 -2.0537998e-02 
   636 :  3.2451919e-02 -1.2521181e-02 
   637 :  5.3678880e-02 -5.6749589e-03 
   638 :  3.1754099e-02 -4.3649795e-02 
   639 :  5.1194280e-02 -1.5231686e-02 
   640 :  3.8226279e-02 -3.7605865e-02 
   641 :  4.7837124e-02 -2.3335443e-02 
   642 :  2.0269119e-02 -2.5996882e-02 
   643 :  2.2173210e-02 -3.2112744e-02 
   644 :  2.3664961e-02 -2.5717190e-02 
   645 :  2.6853864e-02 -2.8270221e-02 
   646 :  1.9573254e-02 -2.8754369e-02 
   647 :  2.1609992e-02 -2.3794347e-02 
   648 :  2.5578812e-02 -3.5334814e-02 
   649 :  2.9912789e-02 -3.1620396e-02 
   650 :  2.3005521e-02 -2.8792520e-02 
   651 :  1.7692253e-02 -2.6746460e-02 
   652 :  2.5769239e-02 -3.1364380e-02 
   653 :  3.2648520e-02 -4.5551314e-03 
   654 :  3.9019273e-02 -3.7504371e-03 
   655 :  3.4258390e-02 -7.6263603e-03 
   656 :  3.8611952e-02 -8.0489521e-03 
   657 :  3.4688642e-02 -2.5737506e-03 
   658 :  3.1472985e-02 -6.7786264e-03 
   659 :  4.3664729e-02 -4.1185184e-03 
   660 :  3.6313652e-02 -5.1506121e-03 
   661 :  3.2009241e-02 -1.9487109e-03 
   662 :  4.2710536e-02 -1.0250608e-02 
   663 :  1.4468072e-02  2.2640220e-02 
   664 :  6.7220804e-03  2.0434471e-02 
   665 :  1.4521704e-02  1.5531042e-02 
   666 :  1.2107412e-02  1.2333405e-02 
   667 :  4.6273360e-03  1.6652029e-02 
   668 :  1.0107707e-02  2.4717139e-02 
   669 :  8.1930743e-03  1.6856105e-02 
   670 :  6.5232519e-03  1.3349280e-02 
   671 :  3.2025238e-03  1.3004332e-02 
   672 :  9.3055725e-03  6.7185657e-03 
   673 :  1.3843639e-02  8.8411119e-03 
   674 :  1.0201347e-02  1.9382426e-02 
   675 :  1.6344497e-02  1.8523334e-02 
   676 :  1.3195247e-02  1.8600254e-02 
   677 :  7.3874649e-03  2.3445787e-02 
   678 :  1.6513042e-02  2.1225998e-02 
   679 : -4.0511993e-04  1.5496768e-02 
   680 :  5.2236439e-03  9.5487310e-03 
   681 :  1.2146557e-02  2.3801818e-02 
   682 :  1.1382537e-02  1.6328732e-02 
   683 :  1.8230634e-02  2.0012824e-02 
   684 :  1.2338008e-02  2.1225196e-02 
   685 :  8.1819153e-03  2.5825481e-02 
   686 :  9.1205852e-03  1.0499109e-02 
   687 :  9.4653723e-03  1.3873326e-02 
   688 :  1.8936267e-03  9.8083077e-03 
   689 :  1.4571773e-02  2.0443000e-02 
   690 :  9.8171937e-03  2.2167806e-02 
   691 :  2.2903397e-02  1.3085799e-02 
   692 :  2.1224246e-02  8.4510036e-03 
   693 :  2.3649365e-02  8.7398379e-03 
   694 :  2.1157513e-02  1.5611931e-02 
   695 :  1.9632867e-02  1.3029931e-02 
   696 :  2.1655979e-02  1.0874753e-02 
   697 :  2.5573115e-02  8.9537409e-03 
   698 :  2.4725071e-02  1.0954491e-02 
   699 :  1.9539735e-02  9.9414596e-03 
   700 : -1.1906500e-04  2.6377823e-02 
   701 : -3.2933393e-03  2.2606238e-02 
   702 : -4.2557612e-03  2.4850871e-02 
   703 :  2.9415723e-03  2.6128909e-02 
   704 :  1.4678178e-03  2.3517527e-02 
   705 : -1.4101771e-03  2.4192004e-02 
   706 : -5.0323907e-03  2.6623839e-02 
   707 : -2.8756680e-03  2.6889785e-02 
   708 : -1.1603111e-03  2.1892637e-02 
   709 : -2.2607741e-02  1.4449101e-02 
   710 : -2.0434137e-02  6.7154550e-03 
   711 : -1.5408106e-02  1.4266293e-02 
   712 : -1.6700343e-02  4.6789187e-03 
   713 : -1.2333405e-02  1.2107412e-02 
   714 : -2.4717139e-02  1.0107707e-02 
   715 : -1.7481658e-02  8.6555073e-03 
   716 : -1.3561630e-02  7.6384559e-03 
   717 : -1.3083500e-02  3.8116282e-03 
   718 : -6.7362124e-03  9.3295887e-03 
   719 : -9.3360412e-03  1.3100936e-02 
   720 : -2.0050400e-02  9.9219470e-03 
   721 : -1.8433023e-02  1.6197599e-02 
   722 : -2.3445787e-02  7.3874649e-03 
   723 : -1.8331475e-02  1.2617322e-02 
   724 : -1.6133359e-02  9.6275479e-04 
   725 : -2.1174766e-02  1.6467635e-02 
   726 : -9.5615129e-03  5.3680795e-03 
   727 : -2.3794006e-02  1.2142507e-02 
   728 : -1.0271157e-02  9.0452574e-03 
   729 : -1.5613131e-02  1.1179946e-02 
   730 : -2.0012824e-02  1.8230634e-02 
   731 : -2.1310844e-02  1.2169438e-02 
   732 : -2.5825481e-02  8.1819153e-03 
   733 : -2.0371569e-02  1.4380219e-02 
   734 : -1.1514766e-02  1.0688612e-03 
   735 : -2.2456427e-02  9.5642371e-03 
   736 : -1.3085799e-02  2.2903397e-02 
   737 : -9.1945760e-03  2.0397099e-02 
   738 : -9.1329618e-03  2.3538064e-02 
   739 : -1.5599073e-02  2.1119954e-02 
   740 : -1.2758096e-02  1.9930511e-02 
   741 : -1.1011923e-02  2.2086265e-02 
   742 : -8.9633967e-03  2.5653338e-02 
   743 : -1.0973166e-02  2.4662217e-02 
   744 : -2.6445311e-02 -1.2309837e-04 
   745 : -2.2509946e-02 -2.3036955e-03 
   746 : -2.4919286e-02 -4.2440518e-03 
   747 : -2.6119759e-02  2.8759922e-03 
   748 : -2.3806846e-02  9.5477907e-04 
   749 : -2.6897087e-02 -2.9006685e-03 
   750 : -2.4915696e-02 -1.7233467e-03 
   751 : -2.6730752e-02 -5.1650219e-03 
   752 : -1.4449101e-02 -2.2607741e-02 
   753 : -6.7154550e-03 -2.0434137e-02 
   754 : -1.4266293e-02 -1.5408106e-02 
   755 : -4.6789187e-03 -1.6700343e-02 
   756 : -1.2107412e-02 -1.2333405e-02 
   757 : -1.0107707e-02 -2.4717139e-02 
   758 : -8.6555073e-03 -1.7481658e-02 
   759 : -7.6384559e-03 -1.3561630e-02 
   760 : -3.8116282e-03 -1.3083500e-02 
   761 : -9.3295887e-03 -6.7362124e-03 
   762 : -1.3100936e-02 -9.3360412e-03 
   763 : -9.9219479e-03 -2.0050400e-02 
   764 : -1.6197599e-02 -1.8433023e-02 
   765 : -7.3874649e-03 -2.3445787e-02 
   766 : -1.2617322e-02 -1.8331475e-02 
   767 : -9.6275479e-04 -1.6133359e-02 
   768 : -1.6467635e-02 -2.1174766e-02 
   769 : -5.3680795e-03 -9.5615129e-03 
   770 : -1.2142507e-02 -2.3794006e-02 
   771 : -9.0452574e-03 -1.0271157e-02 
   772 : -1.1179946e-02 -1.5613131e-02 
   773 : -1.8230634e-02 -2.0012824e-02 
   774 : -1.2169438e-02 -2.1310844e-02 
   775 : -8.1819153e-03 -2.5825481e-02 
   776 : -1.4380219e-02 -2.0371569e-02 
   777 : -1.0688612e-03 -1.1514766e-02 
   778 : -9.5642371e-03 -2.2456427e-02 
   779 : -2.3000207e-02 -1.3178679e-02 
   780 : -2.0643731e-02 -9.2998997e-03 
   781 : -2.3683705e-02 -8.8134284e-03 
   782 : -2.1186134e-02 -1.5600986e-02 
   783 : -2.0146243e-02 -1.2755793e-02 
   784 : -2.4743895e-02 -1.0936491e-02 
   785 : -2.2443556e-02 -1.0996858e-02 
   786 : -2.5732020e-02 -8.8923354e-03 
   787 :  8.7032698e-05 -2.6508103e-02 
   788 :  2.2679159e-03 -2.2527945e-02 
   789 :  4.2091994e-03 -2.4917404e-02 
   790 : -2.9177832e-03 -2.6148223e-02 
   791 : -9.7371878e-04 -2.3825056e-02 
   792 :  2.9006685e-03 -2.6897087e-02 
   793 :  1.6982196e-03 -2.4935119e-02 
   794 :  5.1650219e-03 -2.6730752e-02 
   795 :  2.2607741e-02 -1.4449101e-02 
   796 :  2.0434137e-02 -6.7154550e-03 
   797 :  1.5408106e-02 -1.4266293e-02 
   798 :  1.6700343e-02 -4.6789187e-03 
   799 :  1.2333405e-02 -1.2107412e-02 
   800 :  2.4717139e-02 -1.0107707e-02 
   801 :  1.7481658e-02 -8.6555073e-03 
   802 :  1.3561630e-02 -7.6384559e-03 
   803 :  1.3083500e-02 -3.8116282e-03 
   804 :  6.7362124e-03 -9.3295887e-03 
   805 :  9.3360412e-03 -1.3100936e-02 
   806 :  2.0050400e-02 -9.9219470e-03 
   807 :  1.8433023e-02 -1.6197599e-02 
   808 :  2.3445787e-02 -7.3874649e-03 
   809 :  1.8331475e-02 -1.2617322e-02 
   810 :  1.6133359e-02 -9.6275479e-04 
   811 :  2.1174766e-02 -1.6467635e-02 
   812 :  9.5615129e-03 -5.3680795e-03 
   813 :  2.3794006e-02 -1.2142507e-02 
   814 :  1.0271157e-02 -9.0452574e-03 
   815 :  1.5613131e-02 -1.1179946e-02 
   816 :  2.0012824e-02 -1.8230634e-02 
   817 :  2.1310844e-02 -1.2169438e-02 
   818 :  2.5825481e-02 -8.1819153e-03 
   819 :  2.0371569e-02 -1.4380219e-02 
   820 :  1.1514766e-02 -1.0688612e-03 
   821 :  2.2456427e-02 -9.5642371e-03 
   822 :  1.3116050e-02 -2.2963860e-02 
   823 :  9.2599145e-03 -2.0646034e-02 
   824 :  8.7841864e-03 -2.3702761e-02 
   825 :  1.5550562e-02 -2.1182379e-02 
   826 :  1.2730286e-02 -2.0139944e-02 
   827 :  1.0936491e-02 -2.4743895e-02 
   828 :  1.0965385e-02 -2.2439298e-02 
   829 :  8.8923354e-03 -2.5732020e-02 
   830 :  2.6377823e-02  1.1906500e-04 
   831 :  2.2261695e-02  2.2358134e-03 
   832 :  2.4951042e-02  3.8596548e-03 
   833 :  2.6089953e-02 -2.9492165e-03 
   834 :  2.3639378e-02 -1.0835792e-03 
   835 :  2.4633228e-02  1.5065274e-03 
   836 :  2.6698141e-02  5.0641398e-03 
   837 :  2.6844689e-02  2.8280680e-03 
Number of sub-domains 12 
     0 : Stator_core      : 360 
     1 : Coil_AP          : 64 
     2 : Coil_AN          : 64 
     3 : Coil_BP          : 64 
     4 : Coil_BN          : 66 
     5 : Coil_CP          : 66 
     6 : Coil_CN          : 64 
     7 : Stator_gap       : 138 
     8 : Rotor_core       : 282 
     9 : Rotor_air        : 212 
    10 : Rotor_gap        : 128 
    11 : Air_gap          : 130 
Number of triangles 1638 
     0 :    112    428    435      0 
     1 :    103     10    441      0 
     2 :    112    111    428      0 
     3 :    108    109    427      0 
     4 :     10    103    439      0 
     5 :    426    112    435      0 
     6 :     96    111      6      0 
     7 :      5    108     92      0 
     8 :    424    433    436      0 
     9 :    433    424    434      0 
    10 :     96     95    428      0 
    11 :     95    425    428      0 
    12 :     93     92    427      0 
    13 :    111     96    428      0 
    14 :     92    108    427      0 
    15 :    113    426    431      0 
    16 :    427    109    436      0 
    17 :     94     93    432      0 
    18 :    426    433    434      0 
    19 :    109    110    424      0 
    20 :    113    112    426      0 
    21 :     10    113    431      0 
    22 :     93    427    432      0 
    23 :    425     94    432      0 
    24 :    429    431    434      0 
    25 :    110      9    429      0 
    26 :    429    430    431      0 
    27 :    433    426    435      0 
    28 :    431    426    434      0 
    29 :      3     11    438      0 
    30 :      8      2    437      0 
    31 :    109    424    436      0 
    32 :    103    441    443      0 
    33 :    433    432    436      0 
    34 :    102    103    443      0 
    35 :    425    432    433      0 
    36 :    101    102    440      0 
    37 :    103    104    439      0 
    38 :    428    425    435      0 
    39 :      2    101    437      0 
    40 :    104      3    438      0 
    41 :    100     10    439      0 
    42 :      9     99    440      0 
    43 :    429      9    430      0 
    44 :     95     94    425      0 
    45 :    424    110    429      0 
    46 :    424    429    434      0 
    47 :    438    100    439      0 
    48 :     99    437    440      0 
    49 :    440    102    442      0 
    50 :    432    427    436      0 
    51 :     99      8    437      0 
    52 :     11    100    438      0 
    53 :    425    433    435      0 
    54 :    431    430    441      0 
    55 :      9    440    442      0 
    56 :    104    438    439      0 
    57 :    437    101    440      0 
    58 :     10    431    441      0 
    59 :    430      9    442      0 
    60 :    441    430    443      0 
    61 :    430    442    443      0 
    62 :    442    102    443      0 
    63 :    468    131    475      0 
    64 :     17    118    471      0 
    65 :    130    131    468      0 
    66 :    123    124    467      0 
    67 :    118     17    480      0 
    68 :    131    466    475      0 
    69 :     16    130    129      0 
    70 :     15    125    124      0 
    71 :    473    464    476      0 
    72 :    464    473    474      0 
    73 :    128    129    468      0 
    74 :    465    128    468      0 
    75 :    125    126    467      0 
    76 :    129    130    468      0 
    77 :    471    118    481      0 
    78 :    122    464    469      0 
    79 :    124    125    467      0 
    80 :    123    467    476      0 
    81 :    126    127    472      0 
    82 :    473    466    474      0 
    83 :     14    469    481      0 
    84 :    122    123    464      0 
    85 :    131    132    466      0 
    86 :     14    122    469      0 
    87 :    467    126    472      0 
    88 :    127    465    472      0 
    89 :    470    469    474      0 
    90 :    132     17    470      0 
    91 :    466    473    475      0 
    92 :    469    471    481      0 
    93 :    469    464    474      0 
    94 :     11      3    478      0 
    95 :     12     13    477      0 
    96 :    469    470    471      0 
    97 :    464    123    476      0 
    98 :    479     14    481      0 
    99 :    472    473    476      0 
   100 :    118    119    481      0 
   101 :    472    465    473      0 
   102 :    117    118    480      0 
   103 :    119    120    479      0 
   104 :    465    468    475      0 
   105 :      3    117    478      0 
   106 :    120     12    477      0 
   107 :     17    133    480      0 
   108 :    121     14    479      0 
   109 :    127    128    465      0 
   110 :    466    132    470      0 
   111 :    470     17    471      0 
   112 :    466    470    474      0 
   113 :    119    479    481      0 
   114 :    477    121    479      0 
   115 :    133    478    480      0 
   116 :    467    472    476      0 
   117 :     13    121    477      0 
   118 :    133     11    478      0 
   119 :    473    465    475      0 
   120 :    478    117    480      0 
   121 :    120    477    479      0 
   122 :    507    165    514      0 
   123 :     25    152    510      0 
   124 :    164    165    507      0 
   125 :    157    158    506      0 
   126 :    152     25    519      0 
   127 :    165    505    514      0 
   128 :    163     24    164      0 
   129 :     23    159    158      0 
   130 :    512    503    515      0 
   131 :    503    512    513      0 
   132 :    162    163    507      0 
   133 :    504    162    507      0 
   134 :    159    160    506      0 
   135 :    163    164    507      0 
   136 :    510    152    520      0 
   137 :    156    503    508      0 
   138 :    158    159    506      0 
   139 :    157    506    515      0 
   140 :    160    161    511      0 
   141 :    512    505    513      0 
   142 :     22    508    520      0 
   143 :    156    157    503      0 
   144 :    165    166    505      0 
   145 :     22    156    508      0 
   146 :    506    160    511      0 
   147 :    161    504    511      0 
   148 :    509    508    513      0 
   149 :    166     25    509      0 
   150 :    505    512    514      0 
   151 :    508    510    520      0 
   152 :    508    503    513      0 
   153 :     13     12    517      0 
   154 :     20     21    516      0 
   155 :    508    509    510      0 
   156 :    503    157    515      0 
   157 :    518     22    520      0 
   158 :    511    512    515      0 
   159 :    152    153    520      0 
   160 :    511    504    512      0 
   161 :    151    152    519      0 
   162 :    153    154    518      0 
   163 :    504    507    514      0 
   164 :     12    151    517      0 
   165 :    154     20    516      0 
   166 :     25    167    519      0 
   167 :    155     22    518      0 
   168 :    161    162    504      0 
   169 :    505    166    509      0 
   170 :    509     25    510      0 
   171 :    505    509    513      0 
   172 :    153    518    520      0 
   173 :    516    155    518      0 
   174 :    167    517    519      0 
   175 :    506    511    515      0 
   176 :     21    155    516      0 
   177 :    167     13    517      0 
   178 :    512    504    514      0 
   179 :    517    151    519      0 
   180 :    154    516    518      0 
   181 :    547    199    554      0 
   182 :     33    186    550      0 
   183 :    198    199    547      0 
   184 :    191    192    546      0 
   185 :    186     33    559      0 
   186 :    199    545    554      0 
   187 :    197     32    198      0 
   188 :    192     31    193      0 
   189 :    552    543    555      0 
   190 :    543    552    553      0 
   191 :    196    197    547      0 
   192 :    544    196    547      0 
   193 :    193    194    546      0 
   194 :    197    198    547      0 
   195 :    550    186    560      0 
   196 :    190    543    548      0 
   197 :    192    193    546      0 
   198 :    191    546    555      0 
   199 :    194    195    551      0 
   200 :    552    545    553      0 
   201 :     30    548    560      0 
   202 :    190    191    543      0 
   203 :    199    200    545      0 
   204 :     30    190    548      0 
   205 :    546    194    551      0 
   206 :    195    544    551      0 
   207 :    549    548    553      0 
   208 :    200     33    549      0 
   209 :    545    552    554      0 
   210 :    548    550    560      0 
   211 :    548    543    553      0 
   212 :     21     20    557      0 
   213 :     28     29    556      0 
   214 :    548    549    550      0 
   215 :    543    191    555      0 
   216 :    558     30    560      0 
   217 :    551    552    555      0 
   218 :    186    187    560      0 
   219 :    551    544    552      0 
   220 :    185    186    559      0 
   221 :    187    188    558      0 
   222 :    544    547    554      0 
   223 :     20    185    557      0 
   224 :    188     28    556      0 
   225 :     33    201    559      0 
   226 :    189     30    558      0 
   227 :    195    196    544      0 
   228 :    545    200    549      0 
   229 :    549     33    550      0 
   230 :    545    549    553      0 
   231 :    187    558    560      0 
   232 :    556    189    558      0 
   233 :    201    557    559      0 
   234 :    546    551    555      0 
   235 :     29    189    556      0 
   236 :    201     21    557      0 
   237 :    552    544    554      0 
   238 :    557    185    559      0 
   239 :    188    556    558      0 
   240 :    587    233    594      0 
   241 :     41    220    590      0 
   242 :    232    233    587      0 
   243 :    225    226    586      0 
   244 :    220     41    599      0 
   245 :    233    585    594      0 
   246 :    232    231     40      0 
   247 :    226     39    227      0 
   248 :    592    583    595      0 
   249 :    583    592    593      0 
   250 :    230    231    587      0 
   251 :    584    230    587      0 
   252 :    227    228    586      0 
   253 :    231    232    587      0 
   254 :    590    220    600      0 
   255 :    224    583    588      0 
   256 :    226    227    586      0 
   257 :    225    586    595      0 
   258 :    228    229    591      0 
   259 :    592    585    593      0 
   260 :     38    588    600      0 
   261 :    224    225    583      0 
   262 :    233    234    585      0 
   263 :     38    224    588      0 
   264 :    586    228    591      0 
   265 :    229    584    591      0 
   266 :    589    588    593      0 
   267 :    234     41    589      0 
   268 :    585    592    594      0 
   269 :    588    590    600      0 
   270 :    588    583    593      0 
   271 :     29     28    597      0 
   272 :     36     37    596      0 
   273 :    588    589    590      0 
   274 :    583    225    595      0 
   275 :    598     38    600      0 
   276 :    591    592    595      0 
   277 :    220    221    600      0 
   278 :    591    584    592      0 
   279 :    219    220    599      0 
   280 :    221    222    598      0 
   281 :    584    587    594      0 
   282 :     28    219    597      0 
   283 :    222     36    596      0 
   284 :     41    235    599      0 
   285 :    223     38    598      0 
   286 :    229    230    584      0 
   287 :    585    234    589      0 
   288 :    589     41    590      0 
   289 :    585    589    593      0 
   290 :    221    598    600      0 
   291 :    596    223    598      0 
   292 :    235    597    599      0 
   293 :    586    591    595      0 
   294 :     37    223    596      0 
   295 :    235     29    597      0 
   296 :    592    584    594      0 
   297 :    597    219    599      0 
   298 :    222    596    598      0 
   299 :     47    254    630      0 
   300 :    627    267    635      0 
   301 :    266    267    627      0 
   302 :    625    632    635      0 
   303 :    260    261    626      0 
   304 :    632    623    634      0 
   305 :    623    632    633      0 
   306 :    632    625    633      0 
   307 :    254     47    640      0 
   308 :    266    265     46      0 
   309 :    261    260     45      0 
   310 :    267    625    635      0 
   311 :    264    265    627      0 
   312 :    624    264    627      0 
   313 :    623    259    636      0 
   314 :    634    623    636      0 
   315 :    265    266    627      0 
   316 :    630    254    641      0 
   317 :    258    623    628      0 
   318 :     44    628    641      0 
   319 :    258    259    623      0 
   320 :    267    268    625      0 
   321 :     44    258    628      0 
   322 :    629    628    633      0 
   323 :    268     47    629      0 
   324 :    628    630    641      0 
   325 :    628    623    633      0 
   326 :     37     36    638      0 
   327 :      2      8    637      0 
   328 :    628    629    630      0 
   329 :    639     44    641      0 
   330 :    260    626    636      0 
   331 :    259    260    636      0 
   332 :    254    255    641      0 
   333 :    624    627    635      0 
   334 :    253    254    640      0 
   335 :    255    256    639      0 
   336 :     36    253    638      0 
   337 :    256      2    637      0 
   338 :     47    269    640      0 
   339 :    257     44    639      0 
   340 :    261    262    626      0 
   341 :    262    263    631      0 
   342 :    263    264    624      0 
   343 :    625    268    629      0 
   344 :    629     47    630      0 
   345 :    626    262    631      0 
   346 :    625    629    633      0 
   347 :    263    624    631      0 
   348 :    255    639    641      0 
   349 :    626    631    634      0 
   350 :    637    257    639      0 
   351 :    269    638    640      0 
   352 :    631    624    632      0 
   353 :      8    257    637      0 
   354 :    269     37    638      0 
   355 :    626    634    636      0 
   356 :    631    632    634      0 
   357 :    632    624    635      0 
   358 :    638    253    640      0 
   359 :    256    637    639      0 
   360 :    444    446    449      1 
   361 :    447    445    450      1 
   362 :    446    444    451      1 
   363 :    444    448    451      1 
   364 :    447    450    453      1 
   365 :    106    445    448      1 
   366 :    106    107    445      1 
   367 :    445    447    451      1 
   368 :     99      9    453      1 
   369 :    109    108    446      1 
   370 :      8     99    450      1 
   371 :    110    109    447      1 
   372 :    109    446    447      1 
   373 :    447    446    451      1 
   374 :    105    106    448      1 
   375 :    446    108    449      1 
   376 :    107      8    450      1 
   377 :    448    445    451      1 
   378 :    108      5    449      1 
   379 :      5     91    449      1 
   380 :      9    110    453      1 
   381 :      4    105    452      1 
   382 :     90      4    452      1 
   383 :     91     90    444      1 
   384 :    105    448    452      1 
   385 :    448    444    452      1 
   386 :     91    444    449      1 
   387 :    445    107    450      1 
   388 :    110    447    453      1 
   389 :    444     90    452      1 
   390 :    450     99    453      1 
   391 :    563    566    561      1 
   392 :    561    569    563      1 
   393 :    565    569    561      1 
   394 :    562    565    171      1 
   395 :    170    562    171      1 
   396 :    200    568     33      1 
   397 :    198    563    199      1 
   398 :    201    567     21      1 
   399 :     33    568    201      1 
   400 :    199    564    200      1 
   401 :    171    565    172      1 
   402 :    198    566    563      1 
   403 :     21    567    170      1 
   404 :    562    569    565      1 
   405 :     32    566    198      1 
   406 :    202    566     32      1 
   407 :    172    570     26      1 
   408 :     26    570    203      1 
   409 :    203    561    202      1 
   410 :    563    569    564      1 
   411 :    569    571    564      1 
   412 :    565    570    172      1 
   413 :    568    571    567      1 
   414 :    563    564    199      1 
   415 :    561    570    565      1 
   416 :    561    566    202      1 
   417 :    562    571    569      1 
   418 :    564    568    200      1 
   419 :    170    567    562      1 
   420 :    203    570    561      1 
   421 :    201    568    567      1 
   422 :    567    571    562      1 
   423 :    564    571    568      1 
   424 :    454    459    456      2 
   425 :    457    460    455      2 
   426 :    456    461    454      2 
   427 :    454    461    458      2 
   428 :    457    463    460      2 
   429 :    115    458    455      2 
   430 :    115    455    116      2 
   431 :    455    461    457      2 
   432 :    100    463     10      2 
   433 :    112    456    111      2 
   434 :     11    460    100      2 
   435 :    113    457    112      2 
   436 :    112    457    456      2 
   437 :    457    461    456      2 
   438 :    114    458    115      2 
   439 :    456    459    111      2 
   440 :    116    460     11      2 
   441 :    458    461    455      2 
   442 :    111    459      6      2 
   443 :      6    459     97      2 
   444 :     10    463    113      2 
   445 :      7    462    114      2 
   446 :     98    462      7      2 
   447 :     97    454     98      2 
   448 :    114    462    458      2 
   449 :    458    462    454      2 
   450 :     97    459    454      2 
   451 :    455    460    116      2 
   452 :    113    463    457      2 
   453 :    454    462     98      2 
   454 :    460    463    100      2 
   455 :    574    572    577      2 
   456 :    572    574    580      2 
   457 :    576    572    580      2 
   458 :    573    205    576      2 
   459 :    204    205    573      2 
   460 :    190     30    579      2 
   461 :    192    191    574      2 
   462 :    189     29    578      2 
   463 :     30    189    579      2 
   464 :    191    190    575      2 
   465 :    205    206    576      2 
   466 :    192    574    577      2 
   467 :     29    204    578      2 
   468 :    573    576    580      2 
   469 :     31    192    577      2 
   470 :    208     31    577      2 
   471 :    206     34    581      2 
   472 :     34    207    581      2 
   473 :    207    208    572      2 
   474 :    574    575    580      2 
   475 :    580    575    582      2 
   476 :    576    206    581      2 
   477 :    579    578    582      2 
   478 :    574    191    575      2 
   479 :    572    576    581      2 
   480 :    572    208    577      2 
   481 :    573    580    582      2 
   482 :    575    190    579      2 
   483 :    204    573    578      2 
   484 :    207    572    581      2 
   485 :    189    578    579      2 
   486 :    578    573    582      2 
   487 :    575    579    582      2 
   488 :    482    484    487      3 
   489 :    485    483    488      3 
   490 :    484    482    489      3 
   491 :    482    486    489      3 
   492 :    485    488    491      3 
   493 :    115    483    486      3 
   494 :    115    116    483      3 
   495 :    483    485    489      3 
   496 :    133     17    491      3 
   497 :    131    130    484      3 
   498 :     11    133    488      3 
   499 :    132    131    485      3 
   500 :    131    484    485      3 
   501 :    485    484    489      3 
   502 :    114    115    486      3 
   503 :    484    130    487      3 
   504 :    116     11    488      3 
   505 :    486    483    489      3 
   506 :    130     16    487      3 
   507 :     16    134    487      3 
   508 :     17    132    491      3 
   509 :      7    114    490      3 
   510 :    135      7    490      3 
   511 :    134    135    482      3 
   512 :    114    486    490      3 
   513 :    486    482    490      3 
   514 :    134    482    487      3 
   515 :    483    116    488      3 
   516 :    132    485    491      3 
   517 :    482    135    490      3 
   518 :    488    133    491      3 
   519 :    603    606    601      3 
   520 :    601    609    603      3 
   521 :    605    609    601      3 
   522 :    602    605    205      3 
   523 :    204    602    205      3 
   524 :    234    608     41      3 
   525 :    232    603    233      3 
   526 :    235    607     29      3 
   527 :     41    608    235      3 
   528 :    233    604    234      3 
   529 :    205    605    206      3 
   530 :    232    606    603      3 
   531 :     29    607    204      3 
   532 :    602    609    605      3 
   533 :     40    606    232      3 
   534 :    236    606     40      3 
   535 :    206    610     34      3 
   536 :     34    610    237      3 
   537 :    237    601    236      3 
   538 :    603    609    604      3 
   539 :    609    611    604      3 
   540 :    605    610    206      3 
   541 :    608    611    607      3 
   542 :    603    604    233      3 
   543 :    601    610    605      3 
   544 :    601    606    236      3 
   545 :    602    611    609      3 
   546 :    604    608    234      3 
   547 :    204    607    602      3 
   548 :    237    610    601      3 
   549 :    235    608    607      3 
   550 :    607    611    602      3 
   551 :    604    611    608      3 
   552 :    494    492    497      4 
   553 :    492    494    500      4 
   554 :    496    492    500      4 
   555 :    493    137    496      4 
   556 :    136    137    493      4 
   557 :    122     14    499      4 
   558 :    124    123    494      4 
   559 :    121     13    498      4 
   560 :     14    121    499      4 
   561 :    123    122    495      4 
   562 :    137    138    496      4 
   563 :    124    494    497      4 
   564 :     13    136    498      4 
   565 :    493    496    500      4 
   566 :     15    124    497      4 
   567 :    140     15    497      4 
   568 :    138     18    501      4 
   569 :     18    139    501      4 
   570 :    139    140    492      4 
   571 :    494    495    500      4 
   572 :    500    495    502      4 
   573 :    496    138    501      4 
   574 :    499    498    502      4 
   575 :    494    123    495      4 
   576 :    492    496    501      4 
   577 :    492    140    497      4 
   578 :    493    500    502      4 
   579 :    495    122    499      4 
   580 :    136    493    498      4 
   581 :    139    492    501      4 
   582 :    121    498    499      4 
   583 :    498    493    502      4 
   584 :    495    499    502      4 
   585 :    614    612    617      4 
   586 :    612    614    620      4 
   587 :    616    612    620      4 
   588 :    613    239    616      4 
   589 :    238    239    613      4 
   590 :    224     38    619      4 
   591 :    226    225    614      4 
   592 :    223     37    618      4 
   593 :     38    223    619      4 
   594 :    225    224    615      4 
   595 :    239    240    616      4 
   596 :    226    614    617      4 
   597 :     37    238    618      4 
   598 :    613    616    620      4 
   599 :     39    226    617      4 
   600 :    242     39    617      4 
   601 :    240     42    621      4 
   602 :     42    241    621      4 
   603 :    241    242    612      4 
   604 :    614    615    620      4 
   605 :    620    615    622      4 
   606 :    616    240    621      4 
   607 :    619    618    622      4 
   608 :    614    225    615      4 
   609 :    612    616    621      4 
   610 :    612    242    617      4 
   611 :    613    620    622      4 
   612 :    615    224    619      4 
   613 :    238    613    618      4 
   614 :    241    612    621      4 
   615 :    223    618    619      4 
   616 :    618    613    622      4 
   617 :    615    619    622      4 
   618 :    523    526    521      5 
   619 :    521    529    523      5 
   620 :    525    529    521      5 
   621 :    522    525    137      5 
   622 :    136    522    137      5 
   623 :    166    528     25      5 
   624 :    164    523    165      5 
   625 :    167    527     13      5 
   626 :     25    528    167      5 
   627 :    165    524    166      5 
   628 :    137    525    138      5 
   629 :    164    526    523      5 
   630 :     13    527    136      5 
   631 :    522    529    525      5 
   632 :     24    526    164      5 
   633 :    168    526     24      5 
   634 :    138    530     18      5 
   635 :     18    530    169      5 
   636 :    169    521    168      5 
   637 :    523    529    524      5 
   638 :    529    531    524      5 
   639 :    525    530    138      5 
   640 :    528    531    527      5 
   641 :    523    524    165      5 
   642 :    521    530    525      5 
   643 :    521    526    168      5 
   644 :    522    531    529      5 
   645 :    524    528    166      5 
   646 :    136    527    522      5 
   647 :    169    530    521      5 
   648 :    167    528    527      5 
   649 :    527    531    522      5 
   650 :    524    531    528      5 
   651 :    644    647    642      5 
   652 :    642    650    644      5 
   653 :    646    650    642      5 
   654 :    643    646    239      5 
   655 :    238    643    239      5 
   656 :    268    649     47      5 
   657 :    266    644    267      5 
   658 :    269    648     37      5 
   659 :     47    649    269      5 
   660 :    267    645    268      5 
   661 :    239    646    240      5 
   662 :    266    647    644      5 
   663 :     37    648    238      5 
   664 :    643    650    646      5 
   665 :     46    647    266      5 
   666 :    270    647     46      5 
   667 :    240    651     42      5 
   668 :     42    651    271      5 
   669 :    271    642    270      5 
   670 :    644    650    645      5 
   671 :    650    652    645      5 
   672 :    646    651    240      5 
   673 :    649    652    648      5 
   674 :    644    645    267      5 
   675 :    642    651    646      5 
   676 :    642    647    270      5 
   677 :    643    652    650      5 
   678 :    645    649    268      5 
   679 :    238    648    643      5 
   680 :    271    651    642      5 
   681 :    269    649    648      5 
   682 :    648    652    643      5 
   683 :    645    652    649      5 
   684 :    534    532    537      6 
   685 :    532    534    540      6 
   686 :    536    532    540      6 
   687 :    533    171    536      6 
   688 :    170    171    533      6 
   689 :    156     22    539      6 
   690 :    158    157    534      6 
   691 :    155     21    538      6 
   692 :     22    155    539      6 
   693 :    157    156    535      6 
   694 :    171    172    536      6 
   695 :    158    534    537      6 
   696 :     21    170    538      6 
   697 :    533    536    540      6 
   698 :     23    158    537      6 
   699 :    174     23    537      6 
   700 :    172     26    541      6 
   701 :     26    173    541      6 
   702 :    173    174    532      6 
   703 :    534    535    540      6 
   704 :    540    535    542      6 
   705 :    536    172    541      6 
   706 :    539    538    542      6 
   707 :    534    157    535      6 
   708 :    532    536    541      6 
   709 :    532    174    537      6 
   710 :    533    540    542      6 
   711 :    535    156    539      6 
   712 :    170    533    538      6 
   713 :    173    532    541      6 
   714 :    155    538    539      6 
   715 :    538    533    542      6 
   716 :    535    539    542      6 
   717 :    653    658    655      6 
   718 :    656    659    654      6 
   719 :    655    660    653      6 
   720 :    653    660    657      6 
   721 :    656    662    659      6 
   722 :    106    657    654      6 
   723 :    106    654    107      6 
   724 :    654    660    656      6 
   725 :    257    662     44      6 
   726 :    259    655    260      6 
   727 :      8    659    257      6 
   728 :    258    656    259      6 
   729 :    259    656    655      6 
   730 :    656    660    655      6 
   731 :    105    657    106      6 
   732 :    655    658    260      6 
   733 :    107    659      8      6 
   734 :    657    660    654      6 
   735 :    260    658     45      6 
   736 :     45    658    273      6 
   737 :     44    662    258      6 
   738 :      4    661    105      6 
   739 :    272    661      4      6 
   740 :    273    653    272      6 
   741 :    105    661    657      6 
   742 :    657    661    653      6 
   743 :    273    658    653      6 
   744 :    654    659    107      6 
   745 :    258    662    656      6 
   746 :    653    661    272      6 
   747 :    659    662    257      6 
   748 :      0     90     80      7 
   749 :     89     98      1      7 
   750 :     81      5     82      7 
   751 :     91      5     81      7 
   752 :      5     92     82      7 
   753 :     87      6     88      7 
   754 :     96      6     87      7 
   755 :      6     97     88      7 
   756 :     80     91     81      7 
   757 :     90     91     80      7 
   758 :     82     92     83      7 
   759 :     83     93     84      7 
   760 :     92     93     83      7 
   761 :     84     94     85      7 
   762 :     93     94     84      7 
   763 :     85     95     86      7 
   764 :     94     95     85      7 
   765 :     86     96     87      7 
   766 :     95     96     86      7 
   767 :     88     97     89      7 
   768 :     97     98     89      7 
   769 :      4     90      0      7 
   770 :     98      7      1      7 
   771 :    135    150      1      7 
   772 :    125     15    143      7 
   773 :     15    140    142      7 
   774 :     15    142    143      7 
   775 :    129    148     16      7 
   776 :     16    149    134      7 
   777 :     16    148    149      7 
   778 :    139     19    141      7 
   779 :    126    125    144      7 
   780 :    125    143    144      7 
   781 :    127    126    145      7 
   782 :    126    144    145      7 
   783 :    127    146    128      7 
   784 :    127    145    146      7 
   785 :    128    147    129      7 
   786 :    128    146    147      7 
   787 :    129    147    148      7 
   788 :    134    150    135      7 
   789 :    134    149    150      7 
   790 :    140    139    141      7 
   791 :    140    141    142      7 
   792 :    135      1      7      7 
   793 :    139     18     19      7 
   794 :     19    169    184      7 
   795 :    159     23    177      7 
   796 :     23    174    176      7 
   797 :    177     23    176      7 
   798 :     24    163    182      7 
   799 :    168     24    183      7 
   800 :    183     24    182      7 
   801 :    175    173     27      7 
   802 :    160    159    178      7 
   803 :    178    159    177      7 
   804 :    161    160    179      7 
   805 :    179    160    178      7 
   806 :    162    161    180      7 
   807 :    180    161    179      7 
   808 :    163    162    181      7 
   809 :    181    162    180      7 
   810 :    182    163    181      7 
   811 :    169    168    184      7 
   812 :    184    168    183      7 
   813 :    174    173    175      7 
   814 :    176    174    175      7 
   815 :     18    169     19      7 
   816 :    173     26     27      7 
   817 :     27    203    218      7 
   818 :    193     31    211      7 
   819 :     31    208    210      7 
   820 :    211     31    210      7 
   821 :     32    197    216      7 
   822 :    202     32    217      7 
   823 :    217     32    216      7 
   824 :    209    207     35      7 
   825 :    194    193    212      7 
   826 :    212    193    211      7 
   827 :    195    194    213      7 
   828 :    213    194    212      7 
   829 :    196    195    214      7 
   830 :    214    195    213      7 
   831 :    197    196    215      7 
   832 :    215    196    214      7 
   833 :    216    197    215      7 
   834 :    203    202    218      7 
   835 :    218    202    217      7 
   836 :    208    207    209      7 
   837 :    210    208    209      7 
   838 :     26    203     27      7 
   839 :    207     34     35      7 
   840 :     35    237    252      7 
   841 :    245    227     39      7 
   842 :    244     39    242      7 
   843 :    244    245     39      7 
   844 :    250     40    231      7 
   845 :    251    236     40      7 
   846 :    251     40    250      7 
   847 :     43    243    241      7 
   848 :    246    228    227      7 
   849 :    245    246    227      7 
   850 :    247    229    228      7 
   851 :    246    247    228      7 
   852 :    248    230    229      7 
   853 :    248    229    247      7 
   854 :    249    231    230      7 
   855 :    249    230    248      7 
   856 :    250    231    249      7 
   857 :    252    237    236      7 
   858 :    252    236    251      7 
   859 :    243    242    241      7 
   860 :    243    244    242      7 
   861 :     35     34    237      7 
   862 :     43    241     42      7 
   863 :      0    274    272      7 
   864 :    283     43    271      7 
   865 :     45    276    261      7 
   866 :    273    275     45      7 
   867 :    275    276     45      7 
   868 :    265    281     46      7 
   869 :     46    282    270      7 
   870 :    281    282     46      7 
   871 :    261    277    262      7 
   872 :    276    277    261      7 
   873 :    262    278    263      7 
   874 :    277    278    262      7 
   875 :    263    279    264      7 
   876 :    278    279    263      7 
   877 :    264    280    265      7 
   878 :    279    280    264      7 
   879 :    280    281    265      7 
   880 :    270    283    271      7 
   881 :    282    283    270      7 
   882 :    272    274    273      7 
   883 :    274    275    273      7 
   884 :      0    272      4      7 
   885 :    271     43     42      7 
   886 :     53    673     52      8 
   887 :     55    679     54      8 
   888 :    679    688    671      8 
   889 :    674    682    676      8 
   890 :    664    690    677      8 
   891 :     54    679    667      8 
   892 :    674    690    664      8 
   893 :    315    675    665      8 
   894 :    675    676    665      8 
   895 :     54    664    317      8 
   896 :    315    665     53      8 
   897 :    669    674    664      8 
   898 :    669    682    674      8 
   899 :    316    675    315      8 
   900 :    664    677    317      8 
   901 :    317    677    318      8 
   902 :    673    686    672      8 
   903 :    676    684    674      8 
   904 :    675    683    678      8 
   905 :    667    679    671      8 
   906 :    678    689    675      8 
   907 :    667    669    664      8 
   908 :    666    686    673      8 
   909 :    291    663    290      8 
   910 :    665    682    666      8 
   911 :    675    689    676      8 
   912 :    667    670    669      8 
   913 :    672    680    284      8 
   914 :    681    690    684      8 
   915 :    665    666     53      8 
   916 :    316    683    675      8 
   917 :    293    668    292      8 
   918 :    289    683     57      8 
   919 :     54    667    664      8 
   920 :     58    685    293      8 
   921 :     57    683    316      8 
   922 :    318    685     58      8 
   923 :    668    690    681      8 
   924 :    677    685    318      8 
   925 :    290    678    289      8 
   926 :    292    681    291      8 
   927 :     48    672    284      8 
   928 :    663    678    290      8 
   929 :    668    685    677      8 
   930 :    667    671    670      8 
   931 :    291    681    663      8 
   932 :    682    687    666      8 
   933 :    671    680    670      8 
   934 :    668    681    292      8 
   935 :    676    682    665      8 
   936 :    666    673     53      8 
   937 :    666    687    686      8 
   938 :    670    687    669      8 
   939 :    680    686    670      8 
   940 :    293    685    668      8 
   941 :    680    688    284      8 
   942 :    676    689    684      8 
   943 :    677    690    668      8 
   944 :    678    683    289      8 
   945 :    686    687    670      8 
   946 :    681    684    663      8 
   947 :    684    689    663      8 
   948 :    684    690    674      8 
   949 :    671    688    680      8 
   950 :    669    687    682      8 
   951 :    663    689    678      8 
   952 :    672    686    680      8 
   953 :    284    688     49      8 
   954 :     49    688    679      8 
   955 :     52    673    672      8 
   956 :     52    672     48      8 
   957 :     49    679     55      8 
   958 :    716    713    729      8 
   959 :     55     61    719      8 
   960 :     64     65    724      8 
   961 :    322    323    721      8 
   962 :    721    323    730      8 
   963 :    720    715    723      8 
   964 :    713    716    728      8 
   965 :    715    716    729      8 
   966 :    711    322    721      8 
   967 :    722    710    735      8 
   968 :    710    720    735      8 
   969 :    723    715    729      8 
   970 :    330     64    710      8 
   971 :     61    322    711      8 
   972 :    710    715    720      8 
   973 :    330    710    722      8 
   974 :    329    330    722      8 
   975 :    718    719    728      8 
   976 :    711    721    723      8 
   977 :    710    712    715      8 
   978 :    325    326    709      8 
   979 :    321    718    726      8 
   980 :    715    712    716      8 
   981 :    731    727    735      8 
   982 :    719    713    728      8 
   983 :    710     64    712      8 
   984 :    327    328    714      8 
   985 :     61    711    713      8 
   986 :     62    324    730      8 
   987 :    725    721    730      8 
   988 :    328     63    732      8 
   989 :    323     62    730      8 
   990 :     63    329    732      8 
   991 :    727    714    735      8 
   992 :    329    722    732      8 
   993 :    324    325    725      8 
   994 :    720    723    731      8 
   995 :    326    327    727      8 
   996 :    723    721    733      8 
   997 :    321     49    718      8 
   998 :    325    709    725      8 
   999 :    722    714    732      8 
  1000 :    716    712    717      8 
  1001 :    709    326    727      8 
  1002 :    713    711    729      8 
  1003 :    731    723    733      8 
  1004 :    716    717    726      8 
  1005 :    327    714    727      8 
  1006 :    721    725    733      8 
  1007 :     61    713    719      8 
  1008 :    711    723    729      8 
  1009 :    321    726    734      8 
  1010 :    716    726    728      8 
  1011 :    712     64    724      8 
  1012 :    714    328    732      8 
  1013 :    714    722    735      8 
  1014 :    324    725    730      8 
  1015 :    709    727    731      8 
  1016 :    709    731    733      8 
  1017 :    717    712    724      8 
  1018 :    725    709    733      8 
  1019 :    720    731    735      8 
  1020 :    726    717    734      8 
  1021 :    726    718    728      8 
  1022 :     60    321    734      8 
  1023 :     49     55    718      8 
  1024 :    718     55    719      8 
  1025 :    724     65    734      8 
  1026 :     65     60    734      8 
  1027 :    717    724    734      8 
  1028 :    759    756    772      8 
  1029 :     65     69    762      8 
  1030 :     72     73    767      8 
  1031 :    357    358    764      8 
  1032 :    764    358    773      8 
  1033 :    763    758    766      8 
  1034 :    756    759    771      8 
  1035 :    758    759    772      8 
  1036 :    754    357    764      8 
  1037 :    765    753    778      8 
  1038 :    753    763    778      8 
  1039 :    766    758    772      8 
  1040 :    365     72    753      8 
  1041 :     69    357    754      8 
  1042 :    753    758    763      8 
  1043 :    365    753    765      8 
  1044 :    364    365    765      8 
  1045 :    761    762    771      8 
  1046 :    754    764    766      8 
  1047 :    753    755    758      8 
  1048 :    360    361    752      8 
  1049 :    356    761    769      8 
  1050 :    758    755    759      8 
  1051 :    774    770    778      8 
  1052 :    762    756    771      8 
  1053 :    753     72    755      8 
  1054 :    362    363    757      8 
  1055 :     69    754    756      8 
  1056 :     70    359    773      8 
  1057 :    768    764    773      8 
  1058 :    363     71    775      8 
  1059 :    358     70    773      8 
  1060 :     71    364    775      8 
  1061 :    770    757    778      8 
  1062 :    364    765    775      8 
  1063 :    359    360    768      8 
  1064 :    763    766    774      8 
  1065 :    361    362    770      8 
  1066 :    766    764    776      8 
  1067 :    356     60    761      8 
  1068 :    360    752    768      8 
  1069 :    765    757    775      8 
  1070 :    759    755    760      8 
  1071 :    752    361    770      8 
  1072 :    756    754    772      8 
  1073 :    774    766    776      8 
  1074 :    759    760    769      8 
  1075 :    362    757    770      8 
  1076 :    764    768    776      8 
  1077 :     69    756    762      8 
  1078 :    754    766    772      8 
  1079 :    356    769    777      8 
  1080 :    759    769    771      8 
  1081 :    755     72    767      8 
  1082 :    757    363    775      8 
  1083 :    757    765    778      8 
  1084 :    359    768    773      8 
  1085 :    752    770    774      8 
  1086 :    752    774    776      8 
  1087 :    760    755    767      8 
  1088 :    768    752    776      8 
  1089 :    763    774    778      8 
  1090 :    769    760    777      8 
  1091 :    769    761    771      8 
  1092 :     68    356    777      8 
  1093 :     60     65    761      8 
  1094 :    761     65    762      8 
  1095 :    767     73    777      8 
  1096 :     73     68    777      8 
  1097 :    760    767    777      8 
  1098 :    802    799    815      8 
  1099 :     73     76    805      8 
  1100 :     79     52    810      8 
  1101 :    392    393    807      8 
  1102 :    807    393    816      8 
  1103 :    806    801    809      8 
  1104 :    799    802    814      8 
  1105 :    801    802    815      8 
  1106 :    797    392    807      8 
  1107 :    808    796    821      8 
  1108 :    796    806    821      8 
  1109 :    809    801    815      8 
  1110 :    400     79    796      8 
  1111 :     76    392    797      8 
  1112 :    796    801    806      8 
  1113 :    400    796    808      8 
  1114 :    399    400    808      8 
  1115 :    804    805    814      8 
  1116 :    797    807    809      8 
  1117 :    796    798    801      8 
  1118 :    395    396    795      8 
  1119 :    391    804    812      8 
  1120 :    801    798    802      8 
  1121 :    817    813    821      8 
  1122 :    805    799    814      8 
  1123 :    796     79    798      8 
  1124 :    397    398    800      8 
  1125 :     76    797    799      8 
  1126 :     77    394    816      8 
  1127 :    811    807    816      8 
  1128 :    398     78    818      8 
  1129 :    393     77    816      8 
  1130 :     78    399    818      8 
  1131 :    813    800    821      8 
  1132 :    399    808    818      8 
  1133 :    394    395    811      8 
  1134 :    806    809    817      8 
  1135 :    396    397    813      8 
  1136 :    809    807    819      8 
  1137 :    391     68    804      8 
  1138 :    395    795    811      8 
  1139 :    808    800    818      8 
  1140 :    802    798    803      8 
  1141 :    795    396    813      8 
  1142 :    799    797    815      8 
  1143 :    817    809    819      8 
  1144 :    802    803    812      8 
  1145 :    397    800    813      8 
  1146 :    807    811    819      8 
  1147 :     76    799    805      8 
  1148 :    797    809    815      8 
  1149 :    391    812    820      8 
  1150 :    802    812    814      8 
  1151 :    798     79    810      8 
  1152 :    800    398    818      8 
  1153 :    800    808    821      8 
  1154 :    394    811    816      8 
  1155 :    795    813    817      8 
  1156 :    795    817    819      8 
  1157 :    803    798    810      8 
  1158 :    811    795    819      8 
  1159 :    806    817    821      8 
  1160 :    812    803    820      8 
  1161 :    812    804    814      8 
  1162 :     48    391    820      8 
  1163 :    810     52    820      8 
  1164 :     68     73    804      8 
  1165 :    804     73    805      8 
  1166 :     52     48    820      8 
  1167 :    803    810    820      8 
  1168 :    313    314    693      9 
  1169 :    693    314    697      9 
  1170 :    288     57    316      9 
  1171 :    692    313    693      9 
  1172 :    691    287    694      9 
  1173 :    288    316    694      9 
  1174 :    316    315    694      9 
  1175 :    315     53    695      9 
  1176 :    287    288    694      9 
  1177 :     52    313    692      9 
  1178 :    314     56    697      9 
  1179 :    696    693    698      9 
  1180 :     56    285    697      9 
  1181 :    691    694    695      9 
  1182 :    691    696    698      9 
  1183 :    286    287    691      9 
  1184 :    694    315    695      9 
  1185 :    695     53    699      9 
  1186 :    286    691    698      9 
  1187 :    692    693    696      9 
  1188 :    285    286    698      9 
  1189 :    691    695    696      9 
  1190 :    693    697    698      9 
  1191 :    697    285    698      9 
  1192 :    696    695    699      9 
  1193 :    692    696    699      9 
  1194 :     53     52    699      9 
  1195 :     52    692    699      9 
  1196 :    319    702    320      9 
  1197 :    702    706    320      9 
  1198 :    294    318     58      9 
  1199 :    701    702    319      9 
  1200 :    700    703    295      9 
  1201 :    294    703    318      9 
  1202 :    318    703    317      9 
  1203 :    317    704     54      9 
  1204 :    295    703    294      9 
  1205 :     55    701    319      9 
  1206 :    320    706     59      9 
  1207 :    705    707    702      9 
  1208 :     59    706    297      9 
  1209 :    700    704    703      9 
  1210 :    700    707    705      9 
  1211 :    296    700    295      9 
  1212 :    703    704    317      9 
  1213 :    704    708     54      9 
  1214 :    296    707    700      9 
  1215 :    701    705    702      9 
  1216 :    297    707    296      9 
  1217 :    700    705    704      9 
  1218 :    702    707    706      9 
  1219 :    706    707    297      9 
  1220 :    705    708    704      9 
  1221 :    701    708    705      9 
  1222 :     54    708     55      9 
  1223 :     55    708    701      9 
  1224 :    740    737    741      9 
  1225 :    319    320    738      9 
  1226 :    738    320    742      9 
  1227 :    323    334     62      9 
  1228 :    333    334    739      9 
  1229 :    736    333    739      9 
  1230 :    334    323    739      9 
  1231 :    737    319    738      9 
  1232 :    323    322    739      9 
  1233 :     55    319    737      9 
  1234 :    322     61    740      9 
  1235 :    736    739    740      9 
  1236 :    320     59    742      9 
  1237 :    741    738    743      9 
  1238 :     59    331    742      9 
  1239 :    736    741    743      9 
  1240 :    332    333    736      9 
  1241 :    739    322    740      9 
  1242 :    736    740    741      9 
  1243 :    332    736    743      9 
  1244 :    737    738    741      9 
  1245 :    331    332    743      9 
  1246 :    738    742    743      9 
  1247 :    742    331    743      9 
  1248 :     61     55    737      9 
  1249 :     61    737    740      9 
  1250 :    337    329     63      9 
  1251 :    337    338    747      9 
  1252 :    338    744    747      9 
  1253 :    329    337    747      9 
  1254 :     64    330    748      9 
  1255 :    745    748    750      9 
  1256 :    335    336    746      9 
  1257 :    336    745    746      9 
  1258 :    330    329    747      9 
  1259 :    336     65    745      9 
  1260 :    747    744    748      9 
  1261 :    330    747    748      9 
  1262 :    340     66    751      9 
  1263 :    338    339    744      9 
  1264 :     66    335    751      9 
  1265 :    746    745    750      9 
  1266 :    744    339    749      9 
  1267 :    748    744    750      9 
  1268 :    339    340    749      9 
  1269 :    335    746    751      9 
  1270 :    744    749    750      9 
  1271 :    749    746    750      9 
  1272 :    746    749    751      9 
  1273 :    749    340    751      9 
  1274 :     65     64    745      9 
  1275 :    745     64    748      9 
  1276 :    369     70    358      9 
  1277 :    780    785    783      9 
  1278 :     69    783    357      9 
  1279 :    368    782    779      9 
  1280 :    358    782    369      9 
  1281 :    357    782    358      9 
  1282 :    369    782    368      9 
  1283 :    335    781    336      9 
  1284 :    336    781    780      9 
  1285 :    336    780     65      9 
  1286 :    782    783    779      9 
  1287 :    357    783    782      9 
  1288 :    366    786     66      9 
  1289 :    368    779    367      9 
  1290 :     66    786    335      9 
  1291 :    783    785    779      9 
  1292 :    781    785    780      9 
  1293 :    779    784    367      9 
  1294 :    367    784    366      9 
  1295 :    335    786    781      9 
  1296 :    779    785    784      9 
  1297 :    784    785    781      9 
  1298 :    781    786    784      9 
  1299 :    784    786    366      9 
  1300 :     65    780     69      9 
  1301 :    780    783     69      9 
  1302 :    372    364     71      9 
  1303 :    788    791    793      9 
  1304 :     72    365    791      9 
  1305 :    373    787    790      9 
  1306 :    364    372    790      9 
  1307 :    365    364    790      9 
  1308 :    372    373    790      9 
  1309 :    370    371    789      9 
  1310 :    371    788    789      9 
  1311 :    371     73    788      9 
  1312 :    790    787    791      9 
  1313 :    365    790    791      9 
  1314 :    375     74    794      9 
  1315 :    373    374    787      9 
  1316 :     74    370    794      9 
  1317 :    791    787    793      9 
  1318 :    789    788    793      9 
  1319 :    787    374    792      9 
  1320 :    374    375    792      9 
  1321 :    370    789    794      9 
  1322 :    787    792    793      9 
  1323 :    792    789    793      9 
  1324 :    789    792    794      9 
  1325 :    792    375    794      9 
  1326 :     73     72    788      9 
  1327 :    788     72    791      9 
  1328 :    393    404     77      9 
  1329 :    404    825    403      9 
  1330 :    403    825    822      9 
  1331 :    393    825    404      9 
  1332 :     76    826    392      9 
  1333 :    823    828    826      9 
  1334 :    370    824    371      9 
  1335 :    371    824    823      9 
  1336 :    392    825    393      9 
  1337 :    371    823     73      9 
  1338 :    825    826    822      9 
  1339 :    392    826    825      9 
  1340 :    401    829     74      9 
  1341 :    403    822    402      9 
  1342 :     74    829    370      9 
  1343 :    824    828    823      9 
  1344 :    822    827    402      9 
  1345 :    826    828    822      9 
  1346 :    402    827    401      9 
  1347 :    370    829    824      9 
  1348 :    822    828    827      9 
  1349 :    827    828    824      9 
  1350 :    824    829    827      9 
  1351 :    827    829    401      9 
  1352 :     73    823     76      9 
  1353 :    823    826     76      9 
  1354 :    834    835    831      9 
  1355 :    313    832    314      9 
  1356 :    832    836    314      9 
  1357 :    405    399     78      9 
  1358 :    406    833    405      9 
  1359 :    830    833    406      9 
  1360 :    405    833    399      9 
  1361 :    831    832    313      9 
  1362 :    399    833    400      9 
  1363 :     52    831    313      9 
  1364 :    400    834     79      9 
  1365 :    830    834    833      9 
  1366 :    314    836     56      9 
  1367 :    835    837    832      9 
  1368 :     56    836    408      9 
  1369 :    830    837    835      9 
  1370 :    407    830    406      9 
  1371 :    833    834    400      9 
  1372 :    830    835    834      9 
  1373 :    407    837    830      9 
  1374 :    831    835    832      9 
  1375 :    408    837    407      9 
  1376 :    832    837    836      9 
  1377 :    836    837    408      9 
  1378 :     79    831     52      9 
  1379 :     79    834    831      9 
  1380 :     56    298    285     10 
  1381 :    288    302     57     10 
  1382 :     57    303    289     10 
  1383 :    302    303     57     10 
  1384 :    293    307     58     10 
  1385 :     58    308    294     10 
  1386 :    307    308     58     10 
  1387 :    297    312     59     10 
  1388 :    285    299    286     10 
  1389 :    298    299    285     10 
  1390 :    286    300    287     10 
  1391 :    299    300    286     10 
  1392 :    287    301    288     10 
  1393 :    300    301    287     10 
  1394 :    301    302    288     10 
  1395 :    289    304    290     10 
  1396 :    303    304    289     10 
  1397 :    304    305    290     10 
  1398 :    292    306    293     10 
  1399 :    305    306    292     10 
  1400 :    306    307    293     10 
  1401 :    294    309    295     10 
  1402 :    308    309    294     10 
  1403 :    295    310    296     10 
  1404 :    309    310    295     10 
  1405 :    296    311    297     10 
  1406 :    310    311    296     10 
  1407 :    311    312    297     10 
  1408 :     50    298     56     10 
  1409 :    312     51     59     10 
  1410 :    290    305    291     10 
  1411 :    291    305    292     10 
  1412 :     59    341    331     10 
  1413 :    324     62    346     10 
  1414 :     62    334    345     10 
  1415 :    346     62    345     10 
  1416 :     63    328    350     10 
  1417 :    337     63    351     10 
  1418 :    351     63    350     10 
  1419 :     66    340    355     10 
  1420 :    325    324    347     10 
  1421 :    347    324    346     10 
  1422 :    348    325    347     10 
  1423 :    328    327    349     10 
  1424 :    327    348    349     10 
  1425 :    350    328    349     10 
  1426 :    331    342    332     10 
  1427 :    331    341    342     10 
  1428 :    332    343    333     10 
  1429 :    332    342    343     10 
  1430 :    334    333    344     10 
  1431 :    333    343    344     10 
  1432 :    345    334    344     10 
  1433 :    338    337    352     10 
  1434 :    352    337    351     10 
  1435 :    339    338    353     10 
  1436 :    353    338    352     10 
  1437 :    340    339    354     10 
  1438 :    354    339    353     10 
  1439 :    355    340    354     10 
  1440 :     59     51    341     10 
  1441 :     66    355     67     10 
  1442 :    326    325    348     10 
  1443 :    327    326    348     10 
  1444 :    366     66    376     10 
  1445 :    359     70    381     10 
  1446 :     70    369    380     10 
  1447 :    381     70    380     10 
  1448 :     71    363    385     10 
  1449 :    372     71    386     10 
  1450 :    386     71    385     10 
  1451 :     74    375    390     10 
  1452 :    360    359    382     10 
  1453 :    382    359    381     10 
  1454 :    383    360    382     10 
  1455 :    363    362    384     10 
  1456 :    384    362    383     10 
  1457 :    385    363    384     10 
  1458 :    367    366    377     10 
  1459 :    377    366    376     10 
  1460 :    368    367    378     10 
  1461 :    378    367    377     10 
  1462 :    369    368    379     10 
  1463 :    379    368    378     10 
  1464 :    380    369    379     10 
  1465 :    373    372    387     10 
  1466 :    387    372    386     10 
  1467 :    374    373    388     10 
  1468 :    388    373    387     10 
  1469 :    375    374    389     10 
  1470 :    389    374    388     10 
  1471 :    390    375    389     10 
  1472 :    376     66     67     10 
  1473 :     75     74    390     10 
  1474 :    383    361    360     10 
  1475 :    362    361    383     10 
  1476 :    408    423     56     10 
  1477 :    409    401     74     10 
  1478 :     77    414    394     10 
  1479 :    404    413     77     10 
  1480 :    413    414     77     10 
  1481 :    398    418     78     10 
  1482 :     78    419    405     10 
  1483 :    418    419     78     10 
  1484 :    394    415    395     10 
  1485 :    414    415    394     10 
  1486 :    415    416    395     10 
  1487 :    417    398    397     10 
  1488 :    416    417    397     10 
  1489 :    417    418    398     10 
  1490 :    410    402    401     10 
  1491 :    410    401    409     10 
  1492 :    411    403    402     10 
  1493 :    411    402    410     10 
  1494 :    412    404    403     10 
  1495 :    411    412    403     10 
  1496 :    412    413    404     10 
  1497 :    405    420    406     10 
  1498 :    419    420    405     10 
  1499 :    406    421    407     10 
  1500 :    420    421    406     10 
  1501 :    407    422    408     10 
  1502 :    421    422    407     10 
  1503 :    422    423    408     10 
  1504 :    423     50     56     10 
  1505 :    409     74     75     10 
  1506 :    395    416    396     10 
  1507 :    416    397    396     10 
  1508 :    218    354     27     11 
  1509 :    217    355    218     11 
  1510 :    216     67    217     11 
  1511 :    215    376    216     11 
  1512 :    214    377    215     11 
  1513 :    213    378    214     11 
  1514 :    212    379    213     11 
  1515 :    211    380    212     11 
  1516 :    210    381    211     11 
  1517 :    209    382    210     11 
  1518 :    252    383     35     11 
  1519 :    251    384    252     11 
  1520 :    250    385    251     11 
  1521 :    249    386    250     11 
  1522 :    248    387    249     11 
  1523 :    247    388    248     11 
  1524 :    246    389    247     11 
  1525 :    245    390    246     11 
  1526 :    244     75    245     11 
  1527 :    243    409    244     11 
  1528 :     43    410    243     11 
  1529 :    283    411     43     11 
  1530 :    282    412    283     11 
  1531 :    281    413    282     11 
  1532 :    280    414    281     11 
  1533 :    279    415    280     11 
  1534 :    278    416    279     11 
  1535 :    277    417    278     11 
  1536 :    276    418    277     11 
  1537 :    275    419    276     11 
  1538 :    274    420    275     11 
  1539 :      0    421    274     11 
  1540 :     80    422      0     11 
  1541 :     81    423     80     11 
  1542 :     82     50     81     11 
  1543 :     83    298     82     11 
  1544 :     84    299     83     11 
  1545 :     85    300     84     11 
  1546 :     86    301     85     11 
  1547 :     87    302     86     11 
  1548 :     88    303     87     11 
  1549 :     89    304     88     11 
  1550 :    150    305      1     11 
  1551 :    149    306    150     11 
  1552 :    148    307    149     11 
  1553 :    147    308    148     11 
  1554 :    146    309    147     11 
  1555 :    145    310    146     11 
  1556 :    144    311    145     11 
  1557 :    143    312    144     11 
  1558 :    142     51    143     11 
  1559 :    141    341    142     11 
  1560 :     19    342    141     11 
  1561 :    184    343     19     11 
  1562 :    183    344    184     11 
  1563 :    182    345    183     11 
  1564 :    181    346    182     11 
  1565 :    180    347    181     11 
  1566 :    179    348    180     11 
  1567 :    178    349    179     11 
  1568 :    177    350    178     11 
  1569 :    176    351    177     11 
  1570 :    175    352    176     11 
  1571 :     27    353    175     11 
  1572 :    354    218    355     11 
  1573 :    355    217     67     11 
  1574 :     67    216    376     11 
  1575 :    376    215    377     11 
  1576 :    377    214    378     11 
  1577 :    378    213    379     11 
  1578 :    379    212    380     11 
  1579 :    380    211    381     11 
  1580 :    381    210    382     11 
  1581 :    383    252    384     11 
  1582 :    384    251    385     11 
  1583 :    385    250    386     11 
  1584 :    386    249    387     11 
  1585 :    387    248    388     11 
  1586 :    388    247    389     11 
  1587 :    389    246    390     11 
  1588 :    390    245     75     11 
  1589 :     75    244    409     11 
  1590 :    409    243    410     11 
  1591 :    410     43    411     11 
  1592 :    411    283    412     11 
  1593 :    412    282    413     11 
  1594 :    413    281    414     11 
  1595 :    414    280    415     11 
  1596 :    415    279    416     11 
  1597 :    416    278    417     11 
  1598 :    417    277    418     11 
  1599 :    418    276    419     11 
  1600 :    419    275    420     11 
  1601 :    420    274    421     11 
  1602 :    421      0    422     11 
  1603 :    422     80    423     11 
  1604 :    423     81     50     11 
  1605 :     50     82    298     11 
  1606 :    298     83    299     11 
  1607 :    299     84    300     11 
  1608 :    300     85    301     11 
  1609 :    301     86    302     11 
  1610 :    302     87    303     11 
  1611 :    303     88    304     11 
  1612 :    305    150    306     11 
  1613 :    306    149    307     11 
  1614 :    307    148    308     11 
  1615 :    308    147    309     11 
  1616 :    309    146    310     11 
  1617 :    310    145    311     11 
  1618 :    311    144    312     11 
  1619 :    312    143     51     11 
  1620 :     51    142    341     11 
  1621 :    341    141    342     11 
  1622 :    342     19    343     11 
  1623 :    343    184    344     11 
  1624 :    344    183    345     11 
  1625 :    345    182    346     11 
  1626 :    346    181    347     11 
  1627 :    347    180    348     11 
  1628 :    348    179    349     11 
  1629 :    349    178    350     11 
  1630 :    350    177    351     11 
  1631 :    351    176    352     11 
  1632 :    352    175    353     11 
  1633 :    353     27    354     11 
  1634 :    382    209    383     11 
  1635 :     35    383    209     11 
  1636 :    304     89    305     11 
  1637 :      1    305     89     11 
